94081 20210101  2.622 -103.30   45.52     9.1   -13.4    -2.2    -4.1     0.0     6.50 C    11.0   -15.8    -7.4    88.4    27.4    65.2 -99.000 -99.000 -99.000 -99.000   0.211    -3.7    -3.2    -2.0    -0.2     3.1
94081 20210102  2.622 -103.30   45.52     9.7   -13.1    -1.7    -2.4     0.0     5.88 C    11.7   -16.4    -5.2    90.0    24.7    69.9 -99.000 -99.000 -99.000 -99.000   0.209    -3.7    -3.3    -2.2    -0.4     3.0
94081 20210103  2.622 -103.30   45.52     8.7    -8.8     0.0     1.3     0.0     4.83 C    12.5   -13.8    -1.9    87.6    29.4    56.5 -99.000 -99.000 -99.000 -99.000   0.209    -3.1    -2.8    -2.0    -0.5     2.9
94081 20210104  2.622 -103.30   45.52     8.4    -8.2     0.1    -0.3     0.0     6.56 C    11.1   -14.4    -4.7    75.5    26.1    50.2 -99.000 -99.000 -99.000 -99.000   0.209    -2.6    -2.3    -1.7    -0.5     2.8
94081 20210105  2.622 -103.30   45.52     6.8    -9.7    -1.4    -0.8     0.0     2.73 C     7.5   -12.6    -2.2    89.9    45.0    65.0 -99.000 -99.000 -99.000 -99.000   0.209    -2.6    -2.3    -1.7    -0.4     2.7
94081 20210106  2.622 -103.30   45.52     7.6   -15.5    -4.0    -4.0     0.0     6.85 C    13.1   -17.2    -7.0    94.1    30.0    68.3 -99.000 -99.000 -99.000 -99.000   0.208    -2.8    -2.4    -1.5    -0.4     2.7
94081 20210107  2.622 -103.30   45.52    -1.4    -9.1    -5.3    -4.4     0.0     4.67 C     8.5   -13.4    -5.6    93.4    70.1    86.7 -99.000 -99.000 -99.000 -99.000   0.209    -3.3    -2.9    -1.9    -0.4     2.6
94081 20210108  2.622 -103.30   45.52     0.4    -7.6    -3.6    -2.9     0.0     3.08 C     7.5   -11.8    -2.0    93.0    70.3    84.1 -99.000 -99.000 -99.000 -99.000   0.209    -2.6    -2.4    -1.8    -0.6     2.5
94081 20210109  2.622 -103.30   45.52    -1.2    -3.8    -2.5    -2.6     0.2     1.29 C     1.3    -4.1    -2.4    93.9    76.3    86.5 -99.000 -99.000 -99.000 -99.000   0.209    -2.0    -1.8    -1.3    -0.5     2.5
94081 20210110  2.622 -103.30   45.52     5.6    -9.8    -2.1    -2.4     0.0     7.11 C     9.9   -14.9    -4.3    93.0    43.3    75.3 -99.000 -99.000 -99.000 -99.000   0.209    -1.9    -1.6    -1.1    -0.4     2.5
94081 20210111  2.622 -103.30   45.52     9.3    -8.2     0.5     0.1     0.0     6.73 C    11.9   -13.9    -4.2    81.3    32.2    57.1 -99.000 -99.000 -99.000 -99.000   0.209    -2.6    -2.2    -1.4    -0.3     2.5
94081 20210112  2.622 -103.30   45.52    12.7    -8.3     2.2     1.5     0.0     5.25 C    14.9   -12.0    -2.5    84.2    22.3    53.8 -99.000 -99.000 -99.000 -99.000   0.209    -2.5    -2.2    -1.5    -0.4     2.5
94081 20210113  2.622 -103.30   45.52    12.5    -2.1     5.2     5.2     0.0     2.14 C    13.2    -8.8     1.2    77.7    14.3    47.8 -99.000 -99.000 -99.000 -99.000   0.208    -1.8    -1.7    -1.2    -0.4     2.4
94081 20210114  2.622 -103.30   45.52     2.6    -3.1    -0.2     0.0     0.0     6.75 C     5.6    -4.6    -1.0    77.9    26.2    40.3 -99.000 -99.000 -99.000 -99.000   0.208    -1.2    -1.0    -0.8    -0.2     2.4
94081 20210115  2.622 -103.30   45.52     0.8   -10.1    -4.7    -4.2     0.0     6.21 C     7.7   -12.3    -4.3    76.3    41.6    59.5 -99.000 -99.000 -99.000 -99.000   0.208    -1.5    -1.2    -0.7    -0.1     2.4
94081 20210116  2.622 -103.30   45.52     4.5    -9.9    -2.7    -1.3     0.0     3.83 C     5.9   -13.6    -3.5    81.7    42.2    62.0 -99.000 -99.000 -99.000 -99.000   0.208    -1.9    -1.6    -0.9    -0.1     2.4
94081 20210117  2.622 -103.30   45.52     4.5   -14.8    -5.2    -2.8     2.6     4.59 C    13.0   -17.2    -4.4    93.8    31.2    64.8 -99.000 -99.000 -99.000 -99.000   0.208    -2.5    -2.1    -1.2    -0.1     2.4
94081 20210118  2.622 -103.30   45.52     0.2   -11.7    -5.7    -2.7     1.2     3.82 C    -0.2   -20.1    -4.5    93.7    68.4    83.1 -99.000 -99.000 -99.000 -99.000   0.208    -1.7    -1.5    -1.0    -0.2     2.4
94081 20210119  2.622 -103.30   45.52     0.6    -7.6    -3.5    -2.9     0.3     5.36 C    -1.0   -14.3    -6.3    84.1    57.9    72.9 -99.000 -99.000 -99.000 -99.000   0.208    -1.7    -1.4    -0.9    -0.1     2.4
94081 20210120  2.622 -103.30   45.52     3.7    -9.8    -3.1    -1.5     0.0     7.01 C    -1.3   -17.8    -7.5    86.0    44.0    57.8 -99.000 -99.000 -99.000 -99.000   0.208    -1.8    -1.5    -0.9    -0.1     2.4
94081 20210121  2.622 -103.30   45.52    -2.2   -13.5    -7.9    -6.3     0.0     4.79 C    -3.3   -18.5    -9.7    90.6    60.3    72.5 -99.000 -99.000 -99.000 -99.000   0.208    -2.4    -2.0    -1.1    -0.1     2.4
94081 20210122  2.622 -103.30   45.52    -0.2   -14.3    -7.3    -6.5     0.0     8.20 C    -3.3   -19.2    -9.5    88.8    40.3    72.3 -99.000 -99.000 -99.000 -99.000   0.208    -2.6    -2.2    -1.3    -0.2     2.4
94081 20210123  2.622 -103.30   45.52    -0.9   -19.2   -10.1   -11.1     0.0     7.30 C    -0.5   -22.7   -13.3    91.2    55.9    80.0 -99.000 -99.000 -99.000 -99.000   0.208    -3.2    -2.7    -1.6    -0.3     2.3
94081 20210124  2.622 -103.30   45.52    -0.5   -19.1    -9.8    -9.2     0.0     5.68 C    -1.3   -22.9   -12.6    91.5    67.8    83.7 -99.000 -99.000 -99.000 -99.000   0.208    -4.1    -3.5    -2.1    -0.5     2.3
94081 20210125  2.622 -103.30   45.52    -4.8   -15.9   -10.4    -7.6     0.0     3.04 C    -2.4   -17.4    -7.0    91.7    82.3    87.5 -99.000 -99.000 -99.000 -99.000   0.208    -3.8    -3.4    -2.4    -0.7     2.2
94081 20210126  2.622 -103.30   45.52    -8.4   -11.1    -9.7    -9.9     0.2     4.87 C    -6.1   -13.7    -9.6    90.1    73.6    81.3 -99.000 -99.000 -99.000 -99.000   0.208    -3.6    -3.2    -2.3    -0.9     2.1
94081 20210127  2.622 -103.30   45.52    -6.5   -13.6   -10.0    -9.6     0.2     7.67 C    -5.9   -18.7   -10.8    88.5    71.7    81.9 -99.000 -99.000 -99.000 -99.000   0.207    -3.8    -3.4    -2.5    -1.0     2.0
94081 20210128  2.622 -103.30   45.52     6.1   -17.8    -5.9    -6.8     0.0     8.41 C     3.1   -21.2    -9.7    89.0    44.8    74.9 -99.000 -99.000 -99.000 -99.000   0.207    -3.9    -3.6    -2.7    -1.1     1.9
94081 20210129  2.622 -103.30   45.52    -2.1   -12.4    -7.2    -6.9     0.0     6.87 C     4.7   -12.6    -6.1    92.4    71.2    85.1 -99.000 -99.000 -99.000 -99.000   0.207    -3.4    -3.1    -2.4    -1.2     1.9
94081 20210130  2.622 -103.30   45.52    -0.4   -10.6    -5.5    -4.7     0.0     2.81 C    -0.1   -12.5    -4.8    93.5    69.0    86.9 -99.000 -99.000 -99.000 -99.000   0.208    -3.2    -2.9    -2.2    -1.2     1.8
94081 20210131  2.622 -103.30   45.52     7.9   -14.4    -3.2    -4.6     0.0     9.18 C    10.0   -16.0    -6.2    93.4    30.5    70.2 -99.000 -99.000 -99.000 -99.000   0.207    -3.6    -3.2    -2.3    -1.2     1.7
94081 20210201  2.622 -103.30   45.52    10.0   -13.9    -2.0    -2.2     0.0     9.42 C    13.5   -15.1    -4.4    86.7    29.7    64.9 -99.000 -99.000 -99.000 -99.000   0.206    -3.6    -3.2    -2.4    -1.2     1.6
94081 20210202  2.622 -103.30   45.52    15.5    -5.8     4.9     3.2     0.0     9.06 C    20.3   -10.3     0.5    85.4    19.3    54.0 -99.000 -99.000 -99.000 -99.000   0.207    -2.5    -2.4    -2.1    -1.2     1.6
94081 20210203  2.622 -103.30   45.52     4.0    -9.7    -2.8    -3.0     1.8     4.50 C     9.0   -11.2    -4.7    89.8    57.4    73.8 -99.000 -99.000 -99.000 -99.000   0.207    -1.9    -1.7    -1.5    -1.0     1.6
94081 20210204  2.622 -103.30   45.52    -3.1   -15.1    -9.1    -8.0     0.0     6.17 C    -3.4   -20.5    -9.8    85.3    65.3    76.2 -99.000 -99.000 -99.000 -99.000   0.206    -2.8    -2.4    -1.6    -0.9     1.6
94081 20210205  2.622 -103.30   45.52    -7.2   -15.8   -11.5    -9.7     0.0     5.19 C    -4.6   -17.0    -9.8    86.3    66.1    74.8 -99.000 -99.000 -99.000 -99.000   0.207    -3.4    -2.9    -2.0    -0.9     1.6
94081 20210206  2.622 -103.30   45.52   -15.8   -23.4   -19.6   -19.1     0.3     9.07 C   -13.1   -26.9   -18.7    76.1    48.7    62.1 -99.000 -99.000 -99.000 -99.000   0.207    -4.9    -4.1    -2.7    -1.1     1.6
94081 20210207  2.622 -103.30   45.52   -18.2   -30.1   -24.2   -21.9     1.4     7.74 C   -14.3   -34.2   -22.7    78.0    55.9    68.1 -99.000 -99.000 -99.000 -99.000   0.206    -6.4    -5.5    -3.7    -1.5     1.6
94081 20210208  2.622 -103.30   45.52   -16.8   -31.7   -24.2   -23.5     0.3     9.57 C   -13.7   -34.9   -24.2    76.6    55.1    71.6 -99.000 -99.000 -99.000 -99.000   0.205    -7.5    -6.7    -4.6    -2.0     1.5
94081 20210209  2.622 -103.30   45.52   -17.5   -31.8   -24.6   -22.6     0.0     8.23 C   -15.3   -35.7   -24.4    78.8    49.6    63.7 -99.000 -99.000 -99.000 -99.000   0.206    -8.1    -7.3    -5.3    -2.5     1.3
94081 20210210  2.622 -103.30   45.52   -16.4   -26.1   -21.2   -20.5     0.0     9.72 C   -12.8   -30.3   -20.6    77.5    42.4    63.2 -99.000 -99.000 -99.000 -99.000   0.205    -8.1    -7.4    -5.7    -3.0     1.1
94081 20210211  2.622 -103.30   45.52   -21.4   -34.4   -27.9   -25.9     0.2     8.91 C   -19.5   -41.0   -27.4    77.5    52.0    68.0 -99.000 -99.000 -99.000 -99.000   0.246    -8.5    -7.7    -6.0    -3.4     0.8
94081 20210212  2.622 -103.30   45.52   -21.1   -35.4   -28.3   -27.2     0.0    11.18 C   -19.1   -40.1   -30.6    72.3    46.8    61.4 -99.000 -99.000 -99.000 -99.000   0.249   -10.2    -9.2    -6.9    -3.8     0.6
94081 20210213  2.622 -103.30   45.52   -20.2   -35.7   -27.9   -26.1     1.3    11.43 C   -16.4   -40.2   -27.9    76.5    50.0    66.9 -99.000 -99.000 -99.000 -99.000   0.261   -10.4    -9.6    -7.5    -4.3     0.4
94081 20210214  2.622 -103.30   45.52   -17.7   -38.5   -28.1   -28.5     0.0    12.17 C   -16.1   -42.0   -31.5    76.0    47.3    65.4 -99.000 -99.000 -99.000 -99.000   0.262   -11.4   -10.5    -8.1    -4.8     0.1
94081 20210215  2.622 -103.30   45.52   -13.2   -31.3   -22.3   -19.6     0.0    10.02 C   -12.1   -35.6   -21.7    76.7    43.3    59.5 -99.000 -99.000 -99.000 -99.000 -99.000   -11.3   -10.6    -8.6    -5.3    -0.2
94081 20210216  2.622 -103.30   45.52   -13.7   -22.0   -17.8   -17.5     0.0     9.36 C   -10.2   -24.3   -15.9    72.8    61.8    68.2 -99.000 -99.000 -99.000 -99.000 -99.000   -10.2    -9.7    -8.5    -5.7    -0.5
94081 20210217  2.622 -103.30   45.52    -7.5   -13.7   -10.6   -10.7     0.7     7.61 C    -5.0   -15.2   -10.8    84.6    62.6    73.9 -99.000 -99.000 -99.000 -99.000 -99.000    -8.7    -8.4    -7.8    -5.8    -0.7
94081 20210218  2.622 -103.30   45.52    -7.3   -23.6   -15.4   -13.4     0.3    10.66 C    -6.9   -28.9   -17.3    84.3    55.9    72.1 -99.000 -99.000 -99.000 -99.000 -99.000    -8.2    -7.9    -7.2    -5.7    -0.9
94081 20210219  2.622 -103.30   45.52    -0.9   -25.2   -13.0   -10.1     0.0    10.00 C    -2.1   -29.2   -14.1    83.0    45.3    67.5 -99.000 -99.000 -99.000 -99.000 -99.000    -8.6    -8.2    -7.2    -5.6    -1.1
94081 20210220  2.622 -103.30   45.52     7.4   -13.9    -3.3    -2.7     0.0    12.07 C    11.3   -18.3    -5.4    86.0    26.9    60.6 -99.000 -99.000 -99.000 -99.000 -99.000    -6.2    -6.3    -6.4    -5.5    -1.2
94081 20210221  2.622 -103.30   45.52     6.4   -13.7    -3.7    -1.8     0.0    13.01 C    11.8   -15.5    -3.3    86.5    26.9    56.9 -99.000 -99.000 -99.000 -99.000 -99.000    -5.2    -5.1    -5.3    -5.0    -1.2
94081 20210222  2.622 -103.30   45.52    13.5    -2.1     5.7     5.2     0.0     8.98 C    16.2    -6.5     2.3    77.9    27.3    50.1 -99.000 -99.000 -99.000 -99.000 -99.000    -3.3    -3.5    -4.3    -4.6    -1.2
94081 20210223  2.622 -103.30   45.52     7.7    -6.6     0.6     1.7     0.0     8.56 C    12.0    -7.8     0.7    92.5    32.5    70.8 -99.000 -99.000 -99.000 -99.000 -99.000    -2.1    -2.3    -3.2    -4.0    -1.2
94081 20210224  2.622 -103.30   45.52     3.0   -12.2    -4.6    -3.4     1.8     8.67 C     8.1   -13.9    -4.2    92.8    41.6    79.5 -99.000 -99.000 -99.000 -99.000 -99.000    -2.3    -2.3    -2.6    -3.4    -1.0
94081 20210225  2.622 -103.30   45.52     7.9   -11.3    -1.7    -1.9     0.0    14.05 C    14.0   -13.9    -2.6    86.1    17.9    54.0 -99.000 -99.000 -99.000 -99.000 -99.000    -3.3    -3.0    -2.8    -3.0    -0.8
94081 20210226  2.622 -103.30   45.52     6.7    -8.5    -0.9    -0.2     0.0    13.27 C    15.3   -13.5    -1.3    85.2    23.3    52.3 -99.000 -99.000 -99.000 -99.000 -99.000    -2.3    -2.3    -2.4    -2.7    -0.6
94081 20210227  2.622 -103.30   45.52     1.1   -14.8    -6.9    -6.5     0.4     7.62 C    10.6   -15.4    -5.3    89.6    62.3    82.1 -99.000 -99.000 -99.000 -99.000 -99.000    -2.9    -2.6    -2.4    -2.5    -0.5
94081 20210228  2.622 -103.30   45.52     4.6   -13.4    -4.4    -2.8     0.0    14.12 C    11.0   -17.5    -3.1    87.8    27.4    61.4 -99.000 -99.000 -99.000 -99.000 -99.000    -2.8    -2.6    -2.4    -2.3    -0.3
94081 20210301  2.622 -103.30   45.52    12.8   -13.7    -0.5     0.4     0.0    14.30 C    20.7   -14.3     0.0    90.0    22.2    56.1 -99.000 -99.000 -99.000 -99.000 -99.000    -2.4    -2.3    -2.2    -2.2    -0.2
94081 20210302  2.622 -103.30   45.52    14.2    -5.9     4.2     4.5     0.0    14.85 C    22.7    -9.6     2.2    81.9    22.2    48.1 -99.000 -99.000 -99.000 -99.000 -99.000    -1.3    -1.4    -1.6    -2.0    -0.1
94081 20210303  2.622 -103.30   45.52    16.7    -8.8     3.9     2.7     0.0    15.10 C    28.7   -10.1     2.5    86.4    15.5    52.2 -99.000 -99.000 -99.000 -99.000 -99.000    -0.9    -1.0    -1.2    -1.7     0.0
94081 20210304  2.622 -103.30   45.52    18.7    -9.4     4.6     3.5     0.0    14.76 C    29.7   -10.6     3.4    83.3    15.7    52.2 -99.000 -99.000 -99.000 -99.000 -99.000    -0.6    -0.7    -0.8    -1.4     0.1
94081 20210305  2.622 -103.30   45.52    17.8    -8.8     4.5     5.0     0.0    13.28 C    31.2    -9.7     5.2    87.1    19.3    54.8 -99.000 -99.000 -99.000 -99.000   0.259    -0.2    -0.4    -0.6    -1.1     0.3
94081 20210306  2.622 -103.30   45.52    16.0    -8.1     4.0     6.9     0.0    12.99 C    25.6    -9.2     5.8    95.7    18.1    51.7 -99.000 -99.000 -99.000 -99.000   0.248     0.3     0.0    -0.3    -0.8     0.4
94081 20210307  2.622 -103.30   45.52    13.9    -4.1     4.9     6.0     0.0    15.39 C    28.9    -7.3     4.7    71.3    23.9    44.3 -99.000   0.189   0.112 -99.000   0.249     1.0     0.7     0.2    -0.6     0.5
94081 20210308  2.622 -103.30   45.52    16.6    -0.4     8.1     8.6     0.0    13.28 C    26.2    -7.8     7.3    58.1    26.0    42.7   0.189   0.189   0.112 -99.000   0.237     1.4     1.0     0.6    -0.4     0.7
94081 20210309  2.622 -103.30   45.52    10.0    -4.3     2.9     3.8     0.0    14.47 C    22.9    -8.3     4.4    88.2    40.6    62.0   0.191   0.181   0.117 -99.000   0.205     2.4     2.0     1.3    -0.2     0.9
94081 20210310  2.622 -103.30   45.52     0.7    -7.7    -3.5    -2.8     0.0     3.96 C     6.2   -10.4    -1.9    91.1    63.7    80.0   0.196   0.195   0.120 -99.000   0.206     0.9     1.1     1.3     0.1     1.0
94081 20210311  2.622 -103.30   45.52     4.9   -12.7    -3.9    -4.8     0.0    16.36 C    26.5   -14.2    -1.4    91.0    51.0    74.5 -99.000 -99.000   0.118   0.115   0.205     0.5     0.6     0.8     0.2     1.2
94081 20210312  2.622 -103.30   45.52    12.8   -13.2    -0.2     0.8     0.0    17.02 C    30.2   -14.6     3.1    89.9    25.6    59.0 -99.000 -99.000   0.119   0.116   0.206     0.8     0.8     0.8     0.3     1.4
94081 20210313  2.622 -103.30   45.52    15.4    -9.6     2.9     4.0     0.0    15.98 C    34.3   -10.8     6.1    91.2    22.9    53.6   0.196   0.191   0.120   0.114   0.207     2.2     1.9     1.3     0.4     1.5
94081 20210314  2.622 -103.30   45.52     7.2    -1.4     2.9     2.7     0.0     6.52 C    13.0    -4.1     2.7    84.1    26.8    55.2   0.193   0.178   0.120   0.115   0.208     2.2     2.2     1.9     0.7     1.6
94081 20210315  2.622 -103.30   45.52     0.3    -2.3    -1.0    -1.4     0.0     4.22 C     8.2    -2.7     0.3    90.2    73.7    82.8   0.200   0.179   0.119   0.116   0.206     1.5     1.6     1.7     0.9     1.7
94081 20210316  2.622 -103.30   45.52     2.3    -2.7    -0.2    -0.4     0.7     3.82 C    10.6    -2.5     0.9    93.6    73.2    89.0   0.205   0.190   0.119   0.116   0.208     1.2     1.3     1.5     0.9     1.9
94081 20210317  2.622 -103.30   45.52     7.5    -9.4    -0.9     0.2     0.0    16.72 C    27.1   -12.4     3.4    93.6    19.1    66.7   0.198   0.180   0.119   0.114   0.207     2.3     2.2     1.8     1.0     2.0
94081 20210318  2.622 -103.30   45.52     8.8   -10.5    -0.9    -0.2     0.0    17.53 C    23.7   -12.8     2.3    95.0    39.1    69.7   0.201   0.181   0.120   0.108   0.207     1.9     2.0     2.0     1.2     2.0
94081 20210319  2.622 -103.30   45.52    18.5    -5.6     6.4     6.1     0.0    18.46 C    33.0    -9.7     7.1    88.9    15.8    57.1   0.199   0.179   0.121   0.109   0.209     3.2     2.9     2.4     1.4     2.1
94081 20210320  2.622 -103.30   45.52    18.1    -1.7     8.2     7.6     0.0    16.61 C    38.5    -4.7     9.8    90.2    25.3    55.7   0.196   0.182   0.123   0.109   0.208     4.8     4.4     3.4     1.7     2.2
94081 20210321  2.622 -103.30   45.52    12.2    -9.2     1.5     3.4     1.5    17.84 C    22.3   -10.3     4.6    93.7    19.0    61.2   0.196   0.182   0.124   0.109   0.209     5.1     5.0     4.2     2.3     2.4
94081 20210322  2.622 -103.30   45.52    14.1    -9.6     2.2     4.2     0.0    15.88 C    35.0   -10.9     5.4    85.4    19.0    47.2   0.194   0.181   0.124   0.110   0.209     3.9     4.0     3.9     2.7     2.6
94081 20210323  2.622 -103.30   45.52    11.0    -1.1     5.0     4.8     0.0    11.58 C    27.4    -3.9     5.9    79.3    33.4    54.8   0.194   0.182   0.125   0.109   0.210     4.6     4.6     4.1     2.9     2.8
94081 20210324  2.622 -103.30   45.52    10.0    -1.7     4.2     3.1     0.0    17.44 C    31.3    -2.2     7.6    86.9    22.5    53.3   0.195   0.182   0.125   0.110   0.209     5.2     5.0     4.4     3.1     3.0
94081 20210325  2.622 -103.30   45.52    14.6    -4.6     5.0     4.6     0.0    17.19 C    41.1    -9.2     8.1    74.1    19.4    44.5   0.195   0.183   0.126   0.111   0.210     5.7     5.5     4.8     3.4     3.1
94081 20210326  2.622 -103.30   45.52     7.5    -3.3     2.1     2.0     0.0     8.57 C    23.7    -6.3     4.9    93.5    42.3    69.9   0.193   0.182   0.127   0.112   0.211     5.2     5.3     5.0     3.7     3.3
94081 20210327  2.622 -103.30   45.52     8.8   -11.2    -1.2     0.9     0.2    13.49 C    29.1   -12.0     3.1    92.3    29.0    64.7   0.192   0.181   0.127   0.112   0.210     5.0     5.1     4.9     3.9     3.5
94081 20210328  2.622 -103.30   45.52    21.1   -10.9     5.1     7.7     0.0    17.80 C    34.4   -11.8     8.5    85.1    12.1    41.3   0.191   0.180   0.126   0.112   0.212     4.9     4.9     4.6     3.9     3.7
94081 20210329  2.622 -103.30   45.52    17.9    -4.6     6.7     4.6     0.0    17.41 C    19.3    -6.8     4.6    59.3    16.5    37.0   0.190   0.181   0.127   0.112   0.210     5.4     5.5     5.1     4.0     3.8
94081 20210330  2.622 -103.30   45.52     1.2   -13.2    -6.0    -4.9     0.0    20.48 C    14.7   -16.6    -3.0    58.8    14.8    38.8   0.186   0.178   0.126   0.112   0.213     3.2     3.8     4.4     4.1     3.9
94081 20210331  2.622 -103.30   45.52     9.6   -14.5    -2.5    -2.0     0.0    15.44 C    28.5   -16.6    -0.9    77.8    16.8    41.5   0.189   0.176   0.124   0.112   0.212     2.0     2.5     3.4     3.8     4.0
94081 20210401  2.622 -103.30   45.52    20.7    -4.7     8.0     8.8     0.0    21.21 C    39.0    -8.1    10.3    47.6     7.9    23.6   0.186   0.177   0.124   0.111   0.212     4.0     3.8     3.5     3.4     4.0
94081 20210402  2.622 -103.30   45.52    22.8    -7.4     7.7    10.2     0.0    20.20 C    43.4    -9.6    10.6    65.9     8.9    27.6   0.187   0.180   0.127   0.111   0.212     6.2     5.8     4.8     3.6     4.0
94081 20210403  2.622 -103.30   45.52    24.9     0.0    12.5    14.0     0.0    20.53 C    41.6    -4.9    14.7    51.6     7.9    22.0   0.186   0.181   0.129   0.112   0.213     7.7     7.2     5.9     4.1     4.0
94081 20210404  2.622 -103.30   45.52    26.5     1.1    13.8    14.6     0.0    17.53 C    42.8    -3.9    13.6    48.8     6.2    22.0   0.184   0.180   0.132   0.113   0.212     8.7     8.3     6.9     4.7     4.1
94081 20210405  2.622 -103.30   45.52    17.2     0.7     9.0    10.0     0.0    19.86 C    35.0    -3.4    11.5    53.6    26.1    33.9   0.181   0.179   0.132   0.114   0.213     8.7     8.4     7.4     5.3     4.3
94081 20210406  2.622 -103.30   45.52     7.5     0.3     3.9     4.3     1.8     3.02 C     8.8     0.0     4.0    94.0    28.6    63.0   0.177   0.177   0.133   0.115   0.213     7.2     7.4     7.3     5.7     4.5
94081 20210407  2.622 -103.30   45.52    16.8    -4.6     6.1     6.2     0.0    22.40 C    36.4    -7.6     9.1    91.6    16.1    53.0   0.177   0.175   0.132   0.116   0.214     7.4     7.3     6.8     5.7     4.8
94081 20210408  2.622 -103.30   45.52    21.8    -8.7     6.6     8.6     0.0    22.18 C    43.7   -10.2    13.6    82.9     7.8    42.8   0.176   0.174   0.133   0.114   0.214     8.2     7.9     7.2     5.8     5.0
94081 20210409  2.622 -103.30   45.52    11.3    -7.6     1.8     3.3     0.9    18.55 C    24.7   -10.0     5.2    92.2    15.5    55.9   0.173   0.173   0.134   0.116   0.216     8.2     8.3     7.8     6.1     5.1
94081 20210410  2.622 -103.30   45.52    19.9    -6.6     6.6     9.0     0.0    22.93 C    42.8    -9.9    12.3    78.8    13.0    38.0   0.171   0.170   0.133   0.117   0.214     7.9     7.7     7.3     6.2     5.3
94081 20210411  2.622 -103.30   45.52     6.4    -1.5     2.5     2.2     2.2     9.01 C    18.3    -3.4     2.8    93.3    56.2    73.0   0.169   0.168   0.134   0.115   0.216     7.3     7.6     7.6     6.3     5.4
94081 20210412  2.622 -103.30   45.52     3.2    -3.5    -0.2     0.2     0.0     9.60 C    10.8    -5.0     1.4    77.9    46.3    59.1   0.164   0.164   0.132   0.116   0.217     4.9     5.5     6.4     6.2     5.5
94081 20210413  2.622 -103.30   45.52     0.2    -6.0    -2.9    -2.6     0.0     7.49 C     7.1    -7.8    -1.1    80.0    46.5    62.2   0.162   0.162   0.130   0.115   0.215     3.5     4.2     5.3     5.8     5.6
94081 20210414  2.622 -103.30   45.52     4.0    -5.3    -0.7    -0.9     0.0    12.34 C    21.1    -5.3     4.0    85.3    48.2    65.1   0.162   0.161   0.128   0.115   0.215     3.8     4.1     4.6     5.2     5.6
94081 20210415  2.622 -103.30   45.52     3.7    -5.2    -0.8     0.2     2.2     6.32 C    13.4    -8.5     2.7    95.1    63.0    81.5   0.162   0.161   0.129   0.114   0.216     4.2     4.5     4.8     4.9     5.5
94081 20210416  2.622 -103.30   45.52     6.2    -7.6    -0.7     0.8     3.3     8.66 C    13.7    -7.6     1.8    96.0    63.0    86.4   0.162   0.160   0.129   0.113   0.216     4.4     4.6     4.8     4.8     5.4
94081 20210417  2.622 -103.30   45.52    13.6    -9.9     1.8     1.6     0.0    22.92 C    32.6    -9.7     6.3    91.2    19.3    59.0   0.162   0.161   0.129   0.114   0.217     5.0     5.0     4.9     4.7     5.3
94081 20210418  2.622 -103.30   45.52    13.9    -6.2     3.8     3.3     0.5    17.98 C    36.7    -7.4     6.5    87.0    31.6    63.3   0.163   0.162   0.131   0.113   0.217     6.0     6.0     5.6     4.8     5.3
94081 20210419  2.622 -103.30   45.52     4.2    -6.4    -1.1    -1.3     0.4    17.30 C    23.2    -8.6     2.2    91.2    23.6    60.6   0.161   0.161   0.131   0.114   0.217     5.3     5.7     5.7     5.1     5.2
94081 20210420  2.622 -103.30   45.52     2.1    -5.4    -1.7    -1.7     1.5    12.69 C    12.0    -7.0    -0.1    90.7    36.8    68.4   0.159   0.160   0.130   0.114   0.217     4.2     4.6     5.2     5.1     5.3
94081 20210421  2.622 -103.30   45.52    10.5   -11.9    -0.7     0.8     0.0    25.01 C    34.2   -12.6     6.7    89.0    20.8    50.6   0.160   0.160   0.129   0.114   0.217     4.9     4.9     4.8     4.9     5.3
94081 20210422  2.622 -103.30   45.52    14.5    -8.5     3.0     4.8     0.0    25.55 C    39.8   -11.2     9.7    83.9    14.8    46.9   0.162   0.161   0.131   0.113   0.217     6.5     6.3     5.6     4.9     5.3
94081 20210423  2.622 -103.30   45.52     1.8    -2.5    -0.3    -0.5     4.0     7.15 C     8.0    -3.6     0.9    91.1    64.7    79.5   0.159   0.161   0.132   0.114   0.217     5.2     5.7     5.9     5.1     5.2
94081 20210424  2.622 -103.30   45.52    11.3    -9.1     1.1     3.4     0.2    21.27 C    32.9    -9.7     8.0    90.5    35.3    58.4   0.160   0.159   0.131   0.114   0.216     5.7     5.6     5.4     5.1     5.3
94081 20210425  2.622 -103.30   45.52    13.6     0.3     7.0     7.0     2.3    19.38 C    38.1    -2.3    13.0    89.4    38.8    52.0   0.162   0.162   0.132   0.114   0.215     7.8     7.4     6.3     5.2     5.3
94081 20210426  2.622 -103.30   45.52    11.1     2.9     7.0     6.9     1.8     5.41 C    19.3     2.3     8.6    94.5    72.6    88.1   0.163   0.163   0.134   0.115   0.214     8.2     8.1     7.3     5.6     5.4
94081 20210427  2.622 -103.30   45.52    17.1     3.1    10.1     9.7     0.0    18.63 C    39.5     1.3    13.1    95.6    26.4    65.6   0.165   0.163   0.135   0.117   0.216     9.9     9.3     7.9     6.0     5.5
94081 20210428  2.622 -103.30   45.52    20.9    -0.1    10.4    11.8     0.0    21.23 C    41.3    -2.7    13.7    93.8    18.1    48.5   0.164   0.164   0.137   0.117   0.217    10.2     9.8     8.7     6.6     5.7
94081 20210429  2.622 -103.30   45.52    23.1    -1.9    10.6    13.3     0.0    24.45 C    40.2    -3.5    16.8    89.0    19.2    43.0   0.164   0.156   0.138   0.117   0.216    11.0    10.5     9.2     7.1     5.8
94081 20210430  2.622 -103.30   45.52    29.5     7.4    18.4    18.0     0.0    20.21 C    43.2     3.3    18.9    62.9    11.3    32.4   0.164   0.149   0.140   0.118   0.218    12.3    11.7    10.1     7.6     6.1
94081 20210501  2.622 -103.30   45.52    25.8     2.4    14.1    16.4     0.0    21.35 C    48.7     0.1    20.2    82.2    15.2    39.2   0.162   0.146   0.141   0.119   0.217    13.2    12.6    10.8     8.2     6.3
94081 20210502  2.622 -103.30   45.52    16.5     7.2    11.9    11.2    14.4     6.61 C    17.9     5.3    11.3    91.4    51.8    74.6   0.167   0.137   0.143   0.121   0.219    12.5    12.5    11.5     8.8     6.6
94081 20210503  2.622 -103.30   45.52    14.5    -3.5     5.5     6.7     0.0    18.20 C    29.7    -3.3     8.3    93.9    21.9    59.1   0.177   0.160   0.140   0.120   0.219    10.5    10.8    10.6     9.1     6.9
94081 20210504  2.622 -103.30   45.52    17.2    -5.9     5.6     7.5     1.8    20.10 C    38.2    -5.1    11.4    89.3    26.4    61.6   0.179   0.158   0.140   0.121   0.220    10.1    10.1     9.9     8.9     7.2
94081 20210505  2.622 -103.30   45.52    13.5     1.1     7.3     7.2     0.0    22.80 C    36.2    -0.3    12.0    93.1    29.5    64.8   0.181   0.152   0.140   0.122   0.219    11.5    11.3    10.3     8.8     7.4
94081 20210506  2.622 -103.30   45.52    18.4    -2.8     7.8     8.6     0.4    26.15 C    40.6    -2.7    13.7    93.2    20.2    55.8   0.180   0.151   0.141   0.121   0.222    11.8    11.6    10.7     9.0     7.5
94081 20210507  2.622 -103.30   45.52    18.7     4.7    11.7    11.9     0.2    24.72 C    34.4     2.0    14.9    49.3    21.5    31.3   0.176   0.154   0.141   0.120   0.220    11.7    11.6    10.9     9.2     7.6
94081 20210508  2.622 -103.30   45.52     7.1     0.5     3.8     3.3     0.8     3.08 C     7.0     0.9     4.4    94.0    42.5    79.5   0.171   0.159   0.140   0.120   0.220     9.3     9.9    10.4     9.2     7.7
94081 20210509  2.622 -103.30   45.52     7.8    -5.2     1.3     2.7     0.7    11.67 C    27.9    -5.7     5.9    94.3    63.9    83.9   0.169   0.157   0.139   0.121   0.222     8.6     8.9     9.2     8.9     7.8
94081 20210510  2.622 -103.30   45.52    13.9    -7.1     3.4     3.9     0.3    22.63 C    42.5    -6.2     9.6    95.1    22.4    57.5   0.169   0.157   0.138   0.121   0.221     9.2     9.2     9.0     8.6     7.9
94081 20210511  2.622 -103.30   45.52    17.1    -5.7     5.7     8.1     0.0    21.45 C    43.8    -7.0    12.0    89.6    21.5    46.7   0.167   0.156   0.138   0.122   0.221     9.7     9.7     9.3     8.4     7.9
94081 20210512  2.622 -103.30   45.52    19.3    -0.3     9.5     8.9     7.7    17.41 C    40.7    -2.6    11.0    93.0    23.1    59.1   0.165   0.157   0.139   0.121   0.221    10.4    10.3     9.7     8.5     7.9
94081 20210513  2.622 -103.30   45.52    18.7    -2.8     8.0     9.8     0.0    19.85 C    40.5    -2.3    13.2    93.3    29.0    60.3   0.165   0.147   0.139   0.121   0.221    10.9    10.5     9.8     8.6     7.9
94081 20210514  2.622 -103.30   45.52    19.8     0.1    10.0    10.9     4.5    16.71 C    43.4    -0.2    13.2    92.8    30.6    64.7   0.165   0.146   0.140   0.121   0.221    11.8    11.5    10.6     8.9     7.9
94081 20210515  2.622 -103.30   45.52    21.8     1.9    11.9    12.7     0.0    18.70 C    41.9     1.0    15.4    94.3    26.7    62.8   0.166   0.146   0.142   0.121   0.223    12.8    12.3    11.1     9.2     8.0
94081 20210516  2.622 -103.30   45.52    23.8     2.2    13.0    14.5     0.0    27.00 C    47.3     1.6    19.8    94.4    30.1    61.3   0.167   0.140   0.144   0.122   0.223    14.4    13.7    12.0     9.6     8.1
94081 20210517  2.622 -103.30   45.52    22.7     8.1    15.4    16.6     0.0    27.06 C    43.9     5.1    21.1    93.6    41.3    63.6   0.167   0.132   0.146   0.123   0.223    15.9    15.1    13.2    10.2     8.3
94081 20210518  2.622 -103.30   45.52    28.4    12.0    20.2    20.2     0.0    23.03 C    48.2    10.7    23.0    87.5    26.4    54.2   0.165   0.131   0.147   0.124   0.223    16.7    15.9    14.0    10.9     8.5
94081 20210519  2.622 -103.30   45.52    24.1    10.8    17.5    17.7     0.0    26.03 C    47.1     6.7    22.5    76.8    27.7    43.4   0.162   0.130   0.148   0.125   0.224    17.3    16.6    14.7    11.5     8.8
94081 20210520  2.622 -103.30   45.52    29.6     5.1    17.4    18.4     6.4    26.30 C    49.7     4.5    24.1    91.0    23.1    48.7   0.158   0.127   0.148   0.126   0.224    17.8    17.0    15.2    12.0     9.1
94081 20210521  2.622 -103.30   45.52    11.0     4.0     7.5     5.7    14.2     3.04 C    12.0     4.9     7.7    94.6    86.6    91.2   0.150   0.136   0.148   0.128   0.227    13.8    14.6    14.9    12.5     9.5
94081 20210522  2.622 -103.30   45.52    12.2     4.1     8.1     7.8     3.8    11.17 C    24.7     4.8    10.9    93.8    66.2    82.0   0.210   0.151   0.144   0.126   0.227    11.5    12.0    12.6    12.1     9.7
94081 20210523  2.622 -103.30   45.52    16.0     7.0    11.5    10.4    23.0     6.10 C    22.4     7.1    11.5    93.8    77.1    89.7   0.248   0.185   0.148   0.125   0.226    12.3    12.5    12.4    11.6     9.9
94081 20210524  2.622 -103.30   45.52    23.7     5.3    14.5    14.8     0.0    27.74 C    34.7     3.9    16.1    88.2    18.0    50.4   0.304   0.241   0.197   0.125   0.226    13.5    13.3    12.6    11.4     9.9
94081 20210525  2.622 -103.30   45.52    18.8     4.7    11.8    13.1     0.0    22.84 C    31.4     2.9    14.3    90.3    38.1    54.3   0.288   0.243   0.214   0.125   0.226    13.6    13.7    13.2    11.6     9.9
94081 20210526  2.622 -103.30   45.52     9.4     2.4     5.9     6.3     8.3     5.51 C    19.8     1.5     8.1    94.5    72.4    87.1   0.285   0.262   0.219   0.125   0.228    11.7    12.2    12.6    11.7    10.0
94081 20210527  2.622 -103.30   45.52     6.7     2.1     4.4     4.4     1.4     9.26 C    15.8     4.3     7.7    91.4    67.5    82.1   0.304   0.292   0.226   0.125   0.227    10.5    10.9    11.4    11.3    10.0
94081 20210528  2.622 -103.30   45.52    18.9     3.5    11.2    10.8     5.9    23.22 C    31.1     3.7    14.2    90.1    50.0    70.8   0.301   0.287   0.237   0.124   0.227    11.8    11.7    11.2    10.9    10.1
94081 20210529  2.622 -103.30   45.52    19.4     6.1    12.8    12.5     0.0    18.80 C    34.7     5.9    14.8    93.7    30.5    64.1   0.312   0.284   0.255   0.124   0.227    13.6    13.3    12.5    11.0    10.0
94081 20210530  2.622 -103.30   45.52    21.9     0.9    11.4    13.2     0.0    29.99 C    40.9     1.5    18.0    92.7    19.4    52.2   0.302   0.273   0.268   0.125   0.227    14.5    14.1    13.2    11.2     9.9
94081 20210531  2.622 -103.30   45.52    25.1     4.5    14.8    17.3     0.5    27.66 C    42.1     4.2    20.7    85.9    23.0    42.1   0.290   0.248   0.270   0.125   0.227    15.7    15.2    14.1    11.7    10.0
94081 20210601  2.622 -103.30   45.52    25.7    11.5    18.6    18.8     0.0    25.76 C    47.5     9.5    22.8    79.9    24.0    48.5   0.277   0.231   0.269   0.127   0.228    17.4    16.8    15.3    12.3    10.1
94081 20210602  2.622 -103.30   45.52    27.2     5.9    16.5    18.1     0.0    28.38 C    49.2     5.8    23.7    91.1    24.5    55.2   0.260   0.221   0.265   0.128   0.227    18.0    17.4    16.1    12.9    10.4
94081 20210603  2.622 -103.30   45.52    31.8     9.5    20.7    22.8     0.0    28.83 C    52.9     8.3    27.0    85.2    19.5    44.8   0.241   0.212   0.260   0.128   0.229    19.5    18.7    17.1    13.5    10.6
94081 20210604  2.622 -103.30   45.52    36.3    13.8    25.1    25.8     0.4    26.91 C    56.1    10.6    28.3    75.1    16.9    44.3   0.222   0.204   0.252   0.129   0.230    20.9    20.0    18.2    14.2    10.9
94081 20210605  2.622 -103.30   45.52    34.5    17.2    25.8    26.1     0.0    27.72 C    55.0    14.8    30.5    79.0    22.4    47.5   0.208   0.198   0.242   0.131   0.230    22.3    21.3    19.3    15.0    11.3
94081 20210606  2.622 -103.30   45.52    25.4    13.6    19.5    20.0     0.0    29.15 C    50.3    12.3    26.1    84.6    22.7    43.4   0.196   0.189   0.228   0.132   0.232    21.9    21.4    19.9    15.8    11.7
94081 20210607  2.622 -103.30   45.52    31.2    17.2    24.2    23.9     0.0    29.04 C    58.3    14.8    29.9    66.1    27.6    39.9   0.185   0.174   0.210   0.134   0.233    22.2    21.5    19.9    16.3    12.1
94081 20210608  2.622 -103.30   45.52    36.8    14.2    25.5    23.2    16.3    27.29 C    53.7    12.9    28.6    86.8    20.7    58.2   0.180   0.165   0.194   0.134   0.233    23.0    22.3    20.5    16.6    12.5
94081 20210609  2.622 -103.30   45.52    27.9    17.1    22.5    22.5     0.0    26.70 C    45.9    15.5    26.2    81.1    49.9    66.8   0.196   0.162   0.195   0.135   0.234    22.5    21.9    20.5    17.1    12.8
94081 20210610  2.622 -103.30   45.52    35.1    18.7    26.9    27.8     0.0    26.84 C    48.7    17.7    29.8    84.0    11.3    49.7   0.191   0.165   0.190   0.135   0.235    23.7    22.9    21.2    17.4    13.2
94081 20210611  2.622 -103.30   45.52    23.7     5.1    14.4    16.7     0.0    30.21 C    45.2     4.7    21.9    80.5    14.4    40.8   0.179   0.161   0.185   0.136   0.236    21.9    21.8    21.0    17.9    13.5
94081 20210612  2.622 -103.30   45.52    29.4     2.9    16.1    18.8     0.0    29.38 C    51.1     3.6    24.4    86.5    20.6    48.0   0.171   0.152   0.177   0.136   0.236    21.1    20.8    20.0    17.8    13.8
94081 20210613  2.622 -103.30   45.52    29.1     7.8    18.5    20.8     0.0    29.43 C    53.3     7.4    26.9    90.8    25.0    47.4   0.167   0.151   0.172   0.136   0.238    22.2    21.7    20.3    17.6    14.0
94081 20210614  2.622 -103.30   45.52    30.6    16.6    23.6    24.5     0.0    28.66 C    51.2    13.4    29.6    48.1    34.1    40.1   0.163   0.150   0.166   0.135   0.236    23.2    22.5    20.8    17.8    14.2
94081 20210615  2.622 -103.30   45.52    34.7    20.1    27.4    27.3     0.0    27.60 C    52.9    19.4    32.1    58.1    26.5    40.1   0.160   0.149   0.162   0.136   0.237    24.3    23.4    21.4    18.1    14.3
94081 20210616  2.622 -103.30   45.52    30.1    11.7    20.9    24.0     0.0    29.07 C    56.2    11.5    30.1    88.5    18.0    39.2   0.158   0.148   0.159   0.136   0.239    24.8    24.1    22.1    18.5    14.6
94081 20210617  2.622 -103.30   45.52    31.1    11.1    21.1    21.6     0.0    27.31 C    57.2    10.8    29.0    74.6    19.4    41.9   0.155   0.144   0.156   0.137   0.238    24.4    23.7    22.1    18.8    14.8
94081 20210618  2.622 -103.30   45.52    29.3     7.6    18.4    20.0     0.0    30.06 C    57.0     7.3    27.6    85.5    12.4    40.1   0.152   0.142   0.154   0.136   0.238    24.2    23.6    22.2    18.9    15.0
94081 20210619  2.622 -103.30   45.52    31.9     8.7    20.3    22.7     0.0    25.57 C    51.3     7.8    27.9    72.1    21.5    37.5   0.149   0.139   0.152   0.136   0.239    23.7    23.2    22.0    19.1    15.3
94081 20210620  2.622 -103.30   45.52    23.5     5.8    14.6    16.2     0.0    16.43 C    48.3     5.7    21.1    83.2    23.4    57.2   0.146   0.138   0.151   0.135   0.239    22.9    22.8    21.9    19.1    15.4
94081 20210621  2.622 -103.30   45.52    25.4     1.0    13.2    15.4     0.0    29.05 C    54.2     1.0    23.3    89.2    12.9    43.1   0.142   0.131   0.149   0.134   0.239    21.6    21.4    20.9    19.0    15.6
94081 20210622  2.622 -103.30   45.52    32.5     6.7    19.6    21.6     0.0    29.71 C    58.0     6.0    28.9    69.4    12.2    31.7   0.143   0.131   0.148   0.134   0.238    23.2    22.4    21.1    18.7    15.7
94081 20210623  2.622 -103.30   45.52    36.5    11.7    24.1    26.2     0.0    21.15 C    57.4     9.3    29.4    59.2    11.0    29.0   0.142   0.133   0.148   0.133   0.239    23.8    23.1    21.6    18.8    15.8
94081 20210624  2.622 -103.30   45.52    31.2    11.7    21.4    21.3     0.7    23.71 C    57.8    10.5    27.4    81.8    21.2    49.5   0.142   0.134   0.148   0.133   0.240    24.5    23.7    22.0    19.0    15.9
94081 20210625  2.622 -103.30   45.52    23.3     8.5    15.9    16.8     0.0    11.51 C    42.4     7.1    20.0    94.5    43.7    73.1   0.137   0.131   0.147   0.133   0.240    22.3    22.3    21.8    19.3    16.0
94081 20210626  2.622 -103.30   45.52    23.8     6.9    15.4    15.7     0.0    13.37 C    47.0     6.8    19.8    95.5    38.9    70.4   0.133   0.126   0.146   0.133   0.240    20.6    20.7    20.7    19.1    16.1
94081 20210627  2.622 -103.30   45.52    26.9     8.4    17.7    18.8     0.0    22.28 C    54.9     7.3    25.0    94.0    24.5    58.1   0.135   0.125   0.145   0.132   0.239    21.5    21.1    20.4    18.8    16.2
94081 20210628  2.622 -103.30   45.52    26.7     6.7    16.7    18.7     0.0    28.41 C    59.7     6.1    27.1    95.5    24.0    54.8   0.136   0.126   0.145   0.131   0.238    22.7    22.1    20.7    18.6    16.2
94081 20210629  2.622 -103.30   45.52    30.2     7.6    18.9    21.9     0.0    26.51 C    59.1     7.0    28.6    83.9    17.0    39.9   0.137   0.128   0.145   0.131   0.236    23.6    22.9    21.3    18.7    16.2
94081 20210630  2.622 -103.30   45.52    33.9    13.1    23.5    25.7     0.0    29.01 C    60.9    10.3    32.3    59.9    14.1    29.2   0.138   0.130   0.145   0.130   0.237    25.0    24.0    22.0    19.0    16.3
94081 20210701  2.622 -103.30   45.52    34.4    19.2    26.8    27.5     0.0    26.02 C    57.3    16.8    32.2    63.6    19.3    36.0   0.138   0.133   0.146   0.132   0.237    25.9    25.0    22.9    19.4    16.4
94081 20210702  2.622 -103.30   45.52    35.5    19.7    27.6    27.0     3.0    25.40 C    54.5    17.6    31.8    81.2    22.6    45.7   0.137   0.134   0.147   0.131   0.235    26.5    25.5    23.4    19.9    16.5
94081 20210703  2.622 -103.30   45.52    39.5    19.3    29.4    29.2     0.0    25.77 C    61.2    17.5    32.5    74.0     8.5    36.0   0.136   0.134   0.147   0.132   0.236    26.3    25.5    23.8    20.4    16.7
94081 20210704  2.622 -103.30   45.52    36.1    14.9    25.5    26.1     2.0    26.18 C    61.7    13.3    33.0    76.8    18.2    43.8   0.137   0.133   0.148   0.134   0.235    26.4    25.6    23.8    20.6    17.0
94081 20210705  2.622 -103.30   45.52    35.1    18.8    27.0    25.5     6.1    17.28 C    57.2    19.6    28.3    93.1    24.8    54.7   0.136   0.132   0.148   0.134   0.237    25.7    25.3    24.0    20.9    17.1
94081 20210706  2.622 -103.30   45.52    27.5    16.3    21.9    21.2     0.0    18.65 C    52.5    16.0    25.9    94.2    41.5    72.9   0.136   0.131   0.148   0.134   0.237    25.0    24.7    23.6    21.1    17.4
94081 20210707  2.622 -103.30   45.52    28.0    16.3    22.1    21.1     5.3    21.43 C    49.5    15.9    27.1    92.2    45.1    69.7   0.137   0.129   0.148   0.134   0.236    24.3    24.1    23.2    21.0    17.5
94081 20210708  2.622 -103.30   45.52    30.3    15.8    23.1    22.9     3.5    26.93 C    47.9    15.8    27.9    92.4    38.2    66.2   0.140   0.129   0.148   0.134   0.237    25.0    24.5    23.2    20.9    17.7
94081 20210709  2.622 -103.30   45.52    28.7    14.9    21.8    21.3     0.0    25.79 C    54.0    13.9    28.3    93.7    34.3    64.2   0.144   0.130   0.148   0.134   0.240    24.8    24.5    23.4    21.0    17.8
94081 20210710  2.622 -103.30   45.52    29.2    14.5    21.8    21.4     0.0    26.76 C    57.3    14.1    29.1    93.4    27.3    58.8   0.147   0.131   0.149   0.134   0.239    25.0    24.6    23.4    21.0    17.8
94081 20210711  2.622 -103.30   45.52    33.4    11.9    22.7    24.7     0.0    28.08 C    55.6    10.5    29.9    85.0    13.7    38.3   0.148   0.131   0.149   0.135   0.240    24.8    24.4    23.3    21.0    17.9
94081 20210712  2.622 -103.30   45.52    30.7    11.6    21.1    22.5     0.0    26.50 C    57.6    11.1    29.4    77.1    16.8    41.0   0.148   0.131   0.149   0.135   0.239    25.0    24.6    23.4    21.0    17.9
94081 20210713  2.622 -103.30   45.52    29.8     9.4    19.6    19.9     1.7    17.79 C    54.8     9.1    24.8    86.3    23.5    55.3   0.145   0.130   0.148   0.135   0.238    23.9    23.7    23.2    21.1    18.0
94081 20210714  2.622 -103.30   45.52    27.6    12.8    20.2    19.9     0.0    21.76 C    52.2    12.8    25.8    93.0    32.6    64.8   0.144   0.130   0.147   0.134   0.239    23.6    23.4    22.8    20.9    18.1
94081 20210715  2.622 -103.30   45.52    32.0    13.7    22.8    24.3     0.0    25.21 C    57.8    11.5    29.7    89.9    28.2    52.3   0.144   0.131   0.147   0.133   0.239    24.3    23.8    22.7    20.8    18.1
94081 20210716  2.622 -103.30   45.52    32.8    16.5    24.6    25.5     0.0    19.24 C    52.8    15.2    29.3    82.9    30.6    53.5   0.145   0.129   0.147   0.132   0.241    25.0    24.5    23.2    20.9    18.2
94081 20210717  2.622 -103.30   45.52    35.6    15.4    25.5    26.8     0.0    23.78 C    57.7    13.8    31.8    89.4    22.7    45.4   0.145   0.130   0.147   0.132   0.238    25.7    25.0    23.5    21.0    18.2
94081 20210718  2.622 -103.30   45.52    36.4    16.7    26.6    28.0     0.0    24.22 C    56.0    14.8    33.1    84.9    18.2    44.6   0.145   0.132   0.148   0.134   0.237    26.7    25.9    24.1    21.3    18.3
94081 20210719  2.622 -103.30   45.52    37.4    16.6    27.0    28.4     0.0    24.35 C    57.2    14.0    32.6    88.6    11.2    41.4   0.144   0.132   0.149   0.135   0.238    27.0    26.3    24.5    21.6    18.4
94081 20210720  2.622 -103.30   45.52    37.2    20.5    28.8    28.9     0.0    22.48 C    54.9    18.5    32.4    76.4    21.7    43.7   0.143   0.132   0.149   0.133   0.238    27.2    26.5    24.8    21.8    18.5
94081 20210721  2.622 -103.30   45.52    35.4    19.7    27.5    28.6     0.0    23.98 C    61.7    19.0    36.1    75.9    22.1    40.8   0.143   0.134   0.149   0.135   0.236    28.0    27.1    25.1    22.1    18.7
94081 20210722  2.622 -103.30   45.52 -9999.0 -9999.0 -9999.0 -9999.0 -9999.0 -9999.00 U -9999.0 -9999.0 -9999.0 -9999.0 -9999.0 -9999.0 -99.000 -99.000 -99.000 -99.000 -99.000 -9999.0 -9999.0 -9999.0 -9999.0 -9999.0
94081 20210723  2.622 -103.30   45.52    34.0    14.2    24.1    24.2     0.0    22.24 C    56.1    13.0    29.2    93.9    24.2    61.1   0.138   0.139   0.148   0.133   0.236    26.5    26.1    25.1    22.6    19.0
94081 20210724  2.622 -103.30   45.52    33.2     8.8    21.0    22.8     0.0    25.94 C    57.1     8.3    28.6    90.9     8.6    38.2   0.137   0.141   0.147   0.133   0.237    25.4    25.3    24.5    22.5    19.2
94081 20210725  2.622 -103.30   45.52    36.5    12.7    24.6    26.6     0.0    24.45 C    57.2    11.9    31.9    66.9    12.4    31.1   0.138   0.140   0.146   0.133   0.236    25.8    25.4    24.3    22.2    19.3
94081 20210726  2.622 -103.30   45.52    37.8    15.8    26.8    27.9     0.0    22.67 C    59.5    14.9    32.4    63.7     8.3    30.9   0.139   0.140   0.146   0.135   0.237    26.8    26.2    24.7    22.2    19.4
94081 20210727  2.622 -103.30   45.52    42.7    14.8    28.7    31.1     0.0    23.19 C    62.3    13.2    34.8    58.4     7.1    24.2   0.139   0.140   0.146   0.134   0.238    27.3    26.5    24.9    22.3    19.4
94081 20210728  2.622 -103.30   45.52    35.6    17.9    26.7    27.9     0.0    21.26 C    55.8    17.1    32.6    49.5    16.8    31.3   0.138   0.141   0.147   0.135   0.237    27.9    27.1    25.5    22.5    19.4
94081 20210729  2.622 -103.30   45.52    25.2    18.4    21.8    21.9     0.2     6.14 C    32.1    16.5    22.8    62.7    29.7    44.6   0.133   0.139   0.146   0.135   0.234    25.4    25.5    25.1    22.8    19.6
94081 20210730  2.622 -103.30   45.52    30.6    13.9    22.2    21.3     0.0    19.20 C    51.6    14.0    27.0    86.1    29.9    59.5   0.131   0.138   0.144   0.133   0.235    24.9    24.5    24.0    22.5    19.7
94081 20210731  2.622 -103.30   45.52    31.2    10.7    20.9    21.9     0.0    22.29 C    53.6    10.6    27.8    95.1    18.7    48.3   0.132   0.138   0.145   0.132   0.236    25.5    25.1    24.1    22.2    19.8
94081 20210801  2.622 -103.30   45.52    32.9     9.2    21.1    22.5     0.0    24.84 C    58.6     7.9    28.8    68.3    13.9    34.6   0.132   0.138   0.144   0.132   0.237    25.5    25.1    24.1    22.2    19.8
94081 20210802  2.622 -103.30   45.52    33.3     9.0    21.2    22.9     0.0    24.85 C    60.8     8.5    29.6    69.6    11.9    34.4   0.131   0.138   0.144   0.132   0.235    25.8    25.3    24.2    22.2    19.8
94081 20210803  2.622 -103.30   45.52    34.2    10.9    22.6    24.6     0.0    20.58 C    57.9    10.0    29.6    82.4    18.2    42.2   0.130   0.138   0.144   0.131   0.235    26.1    25.5    24.4    22.2    19.8
94081 20210804  2.622 -103.30   45.52    34.1    13.1    23.6    23.6     0.0    15.92 C    57.9    11.9    27.1    78.8    16.1    48.1   0.130   0.138   0.144   0.131   0.234    26.2    25.8    24.6    22.3    19.8
94081 20210805  2.622 -103.30   45.52    33.3    10.7    22.0    23.0     0.0    20.40 C    56.0    10.0    28.2    88.5    19.4    48.2   0.127   0.136   0.143   0.131   0.233    25.2    24.8    24.2    22.3    19.8
94081 20210806  2.622 -103.30   45.52    31.3    18.1    24.7    23.4     0.0    10.89 C    46.0    14.8    24.9    79.9    31.1    56.1   0.127   0.135   0.143   0.131   0.234    24.9    24.8    24.1    22.2    19.9
94081 20210807  2.622 -103.30   45.52    31.5    14.9    23.2    22.0     0.0    18.51 C    53.2    13.3    27.5    90.0    24.9    61.9   0.127   0.135   0.142   0.131   0.233    25.1    24.7    23.8    22.2    19.9
94081 20210808  2.622 -103.30   45.52    37.2    14.7    25.9    27.9     0.0    20.70 C    58.4    12.1    31.6    83.3    11.6    35.5   0.127   0.135   0.142   0.130   0.233    25.7    25.1    24.0    22.1    19.9
94081 20210809  2.622 -103.30   45.52    27.9    13.9    20.9    20.7     0.0    23.02 C    49.6    12.3    26.4    68.6    19.5    40.0   0.126   0.135   0.142   0.130   0.233    25.5    25.3    24.3    22.2    19.9
94081 20210810  2.622 -103.30   45.52    33.8    10.7    22.3    22.8     0.0    21.15 C    53.5     7.5    26.5    57.6     7.9    30.4   0.124   0.133   0.142   0.130   0.233    24.5    24.3    23.7    22.2    19.9
94081 20210811  2.622 -103.30   45.52    34.0    10.1    22.1    24.3     0.0    23.37 C    56.8     9.2    29.3    77.9    15.4    36.5   0.125   0.133   0.141   0.130   0.233    25.2    24.7    23.7    22.1    19.9
94081 20210812  2.622 -103.30   45.52    25.2     8.2    16.7    19.1     0.0    12.80 C    45.7     8.3    21.8    64.0    21.4    36.3   0.122   0.132   0.141   0.130   0.233    24.0    24.1    23.7    22.0    19.9
94081 20210813  2.622 -103.30   45.52    29.6     6.8    18.2    20.0     0.0    23.45 C    56.8     5.9    26.9    68.9    15.9    34.2   0.121   0.131   0.140   0.130   0.230    23.8    23.5    22.9    21.8    19.9
94081 20210814  2.622 -103.30   45.52    36.2    12.6    24.4    26.4     0.0    23.41 C    60.3    10.3    32.0    52.2    13.7    30.3   0.123   0.132   0.140   0.130   0.230    25.5    24.8    23.4    21.7    19.9
94081 20210815  2.622 -103.30   45.52    37.3    13.2    25.2    25.9     0.0    21.32 C    56.9    12.2    30.0    77.5     8.7    33.7   0.123   0.133   0.141   0.130   0.231    26.4    25.7    24.2    21.8    19.9
94081 20210816  2.622 -103.30   45.52    38.8    10.9    24.8    26.5     0.0    19.47 C    56.8    10.0    29.6    56.8     7.4    25.4   0.122   0.132   0.141   0.131   0.229    25.7    25.2    24.2    22.1    19.9
94081 20210817  2.622 -103.30   45.52    40.8    21.0    30.9    31.2     0.0    18.02 C    54.6    18.7    32.9    35.1     6.7    18.2   0.123   0.133   0.141   0.131   0.230    26.8    26.0    24.5    22.2    20.0
94081 20210818  2.622 -103.30   45.52    28.6    13.9    21.2    21.6     0.0    20.09 C    50.8    14.5    27.3    70.9    24.4    43.9   0.121   0.132   0.141   0.130   0.229    26.3    25.9    24.7    22.4    20.0
94081 20210819  2.622 -103.30   45.52    25.7    12.0    18.9    16.5    10.7    11.26 C    51.3    12.4    21.8    91.0    37.0    74.5   0.117   0.130   0.140   0.130   0.229    24.1    24.3    24.1    22.5    20.1
94081 20210820  2.622 -103.30   45.52    18.1    11.4    14.8    14.3     9.8     7.39 C    28.5    11.5    16.3    92.1    69.5    85.0   0.117   0.126   0.138   0.130   0.228    21.0    21.8    22.7    22.2    20.2
94081 20210821  2.622 -103.30   45.52    25.2     7.7    16.4    16.8     0.0    19.99 C    40.3     7.8    20.1    93.4    29.4    58.0   0.133   0.125   0.135   0.128   0.229    20.2    20.6    21.2    21.5    20.2
94081 20210822  2.622 -103.30   45.52    26.7     9.0    17.9    19.9     0.7    20.15 C    37.2     9.0    21.1    86.2    22.2    48.5   0.141   0.126   0.136   0.128   0.230    20.5    20.8    21.0    20.9    20.1
94081 20210823  2.622 -103.30   45.52    34.0     8.4    21.2    22.6     0.0    20.41 C    49.2     8.0    24.1    87.1     9.5    39.4   0.145   0.127   0.135   0.126   0.229    20.4    20.5    20.6    20.5    19.9
94081 20210824  2.622 -103.30   45.52    26.5    11.5    19.0    18.9     0.0    20.44 C    44.6    10.1    22.0    89.1    21.4    49.2   0.148   0.129   0.136   0.126   0.228    20.8    21.0    20.8    20.3    19.7
94081 20210825  2.622 -103.30   45.52    26.5    10.4    18.5    17.7     1.0    16.79 C    39.8     9.8    20.4    84.6    28.4    52.3   0.148   0.129   0.135   0.126   0.228    19.9    20.2    20.4    20.1    19.5
94081 20210826  2.622 -103.30   45.52    19.4    14.7    17.0    16.6     0.0     7.18 C    33.3    13.7    19.2    93.3    53.0    76.3   0.149   0.130   0.135   0.126   0.227    19.6    19.9    20.1    19.8    19.4
94081 20210827  2.622 -103.30   45.52    26.2    13.5    19.8    18.1     0.8    14.82 C    45.5    12.5    22.5    94.4    43.6    76.0   0.151   0.131   0.135   0.126   0.226    20.4    20.3    20.0    19.6    19.2
94081 20210828  2.622 -103.30   45.52    23.4     9.1    16.3    14.7     4.3    11.44 C    41.9     8.1    16.1    93.4    35.1    74.0   0.149   0.132   0.135   0.126   0.226    19.1    19.6    20.0    19.5    19.0
94081 20210829  2.622 -103.30   45.52    26.6     4.9    15.8    17.4     0.0    22.20 C    42.2     5.2    20.3    92.2    21.6    51.5   0.148   0.130   0.134   0.125   0.226    18.5    18.7    19.0    19.2    18.9
94081 20210830  2.622 -103.30   45.52    32.2    10.5    21.3    22.5     0.0    20.51 C    48.5     9.9    25.4    80.8    23.7    50.3   0.152   0.133   0.135   0.124   0.227    20.4    20.1    19.5    18.9    18.7
94081 20210831  2.622 -103.30   45.52    29.7    14.7    22.2    22.7     0.0    19.23 C    41.0    11.8    24.3    83.7    26.9    53.2   0.153   0.135   0.136   0.125   0.224    21.0    20.8    20.2    19.1    18.6
94081 20210901  2.622 -103.30   45.52    28.9    16.8    22.8    20.9     0.0     5.81 C    31.3    16.1    20.8    91.0    23.6    71.3   0.152   0.135   0.137   0.123   0.224    20.4    20.4    20.2    19.2    18.6
94081 20210902  2.622 -103.30   45.52    24.2     7.4    15.8    18.2     0.0    12.63 C    38.6     6.2    20.7    93.3    29.7    71.0   0.151   0.136   0.136   0.123   0.224    20.3    20.3    20.0    19.2    18.5
94081 20210903  2.622 -103.30   45.52    21.6     4.9    13.3    12.8     0.7     7.40 C    34.9     4.7    14.4    94.1    32.3    73.7   0.147   0.134   0.136   0.124   0.224    18.0    18.6    19.4    19.1    18.5
94081 20210904  2.622 -103.30   45.52    26.6     1.9    14.2    14.4     0.0    20.23 C    44.3     1.8    18.0    94.7    17.6    58.7   0.145   0.133   0.134   0.124   0.226    17.5    17.7    18.3    18.7    18.4
94081 20210905  2.622 -103.30   45.52    31.2     2.5    16.8    17.2     0.0    18.54 C    48.8     1.9    19.9    89.1    10.0    45.2   0.145   0.133   0.133   0.124   0.224    17.8    18.0    18.2    18.3    18.3
94081 20210906  2.622 -103.30   45.52    33.7     6.6    20.1    20.9     0.0    17.20 C    46.6     4.9    21.5    74.3     7.8    35.8   0.144   0.134   0.134   0.124   0.225    18.4    18.5    18.3    18.1    18.1
94081 20210907  2.622 -103.30   45.52    26.8     5.0    15.9    16.6     0.0    20.28 C    46.9     3.8    19.7    88.6    16.4    45.2   0.142   0.134   0.134   0.124   0.224    18.4    18.6    18.4    18.0    18.0
94081 20210908  2.622 -103.30   45.52    26.1     2.6    14.3    15.9     0.0    19.84 C    47.6     2.0    20.2    82.9    18.0    41.8   0.140   0.133   0.134   0.122   0.221    18.1    18.3    18.3    17.9    17.9
94081 20210909  2.622 -103.30   45.52    31.3     8.9    20.1    20.5     0.0    15.21 C    42.8     7.4    21.6    65.6    12.4    34.8   0.140   0.134   0.134   0.123   0.222    18.9    18.9    18.5    17.8    17.8
94081 20210910  2.622 -103.30   45.52    35.2     7.3    21.2    22.3     0.0    14.20 C    47.0     6.0    23.1    70.8    11.8    34.3   0.138   0.133   0.134   0.122   0.225    18.9    18.9    18.5    17.9    17.7
94081 20210911  2.622 -103.30   45.52    25.1    13.9    19.5    18.6     0.0    15.82 C    44.1    11.9    22.4    67.7    30.7    49.1   0.139   0.134   0.135   0.121   0.223    20.0    19.9    19.1    18.0    17.6
94081 20210912  2.622 -103.30   45.52    28.8     7.5    18.1    19.2     0.2    16.12 C    46.8     6.5    21.4    83.7    26.0    49.2   0.137   0.133   0.135   0.124   0.222    19.7    19.6    19.1    18.1    17.6
94081 20210913  2.622 -103.30   45.52    26.0    10.2    18.1    18.3     0.0    14.72 C    45.9     8.7    21.1    82.3    26.9    53.1   0.136   0.133   0.135   0.124   0.222    19.8    19.8    19.3    18.2    17.6
94081 20210914  2.622 -103.30   45.52    26.0     5.1    15.5    15.9     0.0    17.93 C    46.6     4.3    20.2    87.9    19.6    50.8   0.134   0.131   0.135   0.124   0.222    19.0    19.1    19.0    18.2    17.6
94081 20210915  2.622 -103.30   45.52    30.7    12.0    21.3    21.0     0.0    17.49 C    47.0     8.4    22.4    83.3    12.2    39.6   0.133   0.131   0.134   0.124   0.224    19.6    19.5    19.0    18.1    17.6
94081 20210916  2.622 -103.30   45.52    24.8     8.5    16.6    15.8     0.0    17.33 C    45.9     6.5    20.0    61.8    21.4    41.5   0.131   0.131   0.134   0.124   0.222    19.0    19.2    18.9    18.1    17.6
94081 20210917  2.622 -103.30   45.52    23.2    -0.2    11.5    14.5     0.0    18.73 C    37.0    -2.6    17.2    84.7    13.4    38.7   0.129   0.129   0.134   0.123   0.222    17.8    18.1    18.4    18.1    17.6
94081 20210918  2.622 -103.30   45.52    35.0     5.9    20.4    24.1     0.0    17.44 C    50.0     4.0    25.2    81.4     4.7    29.0   0.129   0.129   0.133   0.123   0.222    19.0    18.8    18.3    17.8    17.6
94081 20210919  2.622 -103.30   45.52    27.8    10.4    19.1    18.7     1.3    15.36 C    46.2     8.3    22.0    90.5    14.7    41.9   0.130   0.131   0.134   0.123   0.221    20.0    19.9    19.0    17.9    17.5
94081 20210920  2.622 -103.30   45.52    18.0     5.3    11.7    11.4     1.6     9.70 C    29.9     4.4    12.3    89.6    38.6    69.9   0.125   0.128   0.133   0.121   0.219    17.4    18.1    18.6    18.0    17.5
94081 20210921  2.622 -103.30   45.52    20.9    -0.2    10.3    11.7     0.0    18.02 C    35.8     0.1    13.7    93.4    17.5    50.6   0.121   0.124   0.131   0.123   0.220    15.5    16.1    17.2    17.6    17.5
94081 20210922  2.622 -103.30   45.52    29.3     1.8    15.5    17.6     0.0    17.77 C    45.3     0.2    18.4    82.0    10.1    33.3   0.122   0.124   0.130   0.122   0.220    15.9    16.2    16.6    17.1    17.4
94081 20210923  2.622 -103.30   45.52    27.1     2.3    14.7    16.4     0.0    14.16 C    41.0     0.7    17.0    79.5    16.6    39.2   0.122   0.125   0.130   0.123   0.221    16.3    16.5    16.7    16.8    17.3
94081 20210924  2.622 -103.30   45.52    20.3     0.8    10.6    11.4     0.0    12.60 C    37.4    -0.9    12.9    62.8    15.5    38.6   0.122   0.125   0.129   0.121   0.220    15.9    16.4    16.7    16.6    17.1
94081 20210925  2.622 -103.30   45.52    30.5     4.8    17.7    18.0     0.0    16.57 C    46.4    -0.3    18.8    53.6    11.8    30.1   0.121   0.123   0.129   0.121   0.220    15.7    15.8    16.1    16.4    17.0
94081 20210926  2.622 -103.30   45.52    32.3     4.3    18.3    19.2     0.0    16.63 C    47.5     2.4    19.7    69.1    10.7    32.6   0.123   0.125   0.129   0.121   0.218    17.2    17.1    16.6    16.3    16.8
94081 20210927  2.622 -103.30   45.52    34.6     5.9    20.2    21.1     0.0    16.06 C    50.9     3.5    21.4    64.2     8.2    29.9   0.124   0.126   0.130   0.121   0.221    17.7    17.5    17.0    16.4    16.7
94081 20210928  2.622 -103.30   45.52    36.4     7.5    21.9    24.1     0.4    14.82 C    46.0     4.3    22.6    67.6     6.3    27.0   0.124   0.126   0.131   0.121   0.217    18.2    18.0    17.4    16.5    16.6
94081 20210929  2.622 -103.30   45.52    15.1     9.1    12.1    11.3     1.4     3.18 C    14.9     8.9    10.7    84.3    54.9    68.2   0.121   0.125   0.131   0.123   0.218    16.8    17.3    17.6    16.7    16.6
94081 20210930  2.622 -103.30   45.52    21.3     4.2    12.8    13.2     0.0    14.54 C    36.8     1.7    14.8    80.2    23.3    51.2   0.119   0.123   0.129   0.122   0.218    15.9    16.2    16.6    16.6    16.7
94081 20211001  2.622 -103.30   45.52    23.0     0.3    11.6    11.4     0.0    15.56 C    42.0    -0.8    14.2    90.6    22.4    56.9   0.117   0.122   0.129   0.121   0.217    15.1    15.5    16.0    16.4    16.6
94081 20211002  2.622 -103.30   45.52    24.2    -0.9    11.7    11.8     0.0    15.41 C    38.2    -2.3    13.4    91.6    17.7    52.0   0.117   0.121   0.127   0.120   0.218    14.8    15.2    15.7    16.0    16.5
94081 20211003  2.622 -103.30   45.52    28.5     1.3    14.9    13.9     0.0    15.14 C    43.6    -1.5    14.9    76.0     9.0    38.0   0.117   0.121   0.126   0.120   0.217    14.9    15.2    15.5    15.8    16.4
94081 20211004  2.622 -103.30   45.52    30.4     1.0    15.7    17.5     0.0    15.16 C    46.7    -0.8    18.5    63.6     7.4    26.7   0.117   0.121   0.126   0.119   0.217    15.3    15.3    15.4    15.5    16.2
94081 20211005  2.622 -103.30   45.52    32.7    11.9    22.3    22.1     0.0    15.10 C    46.6     7.8    21.5    32.4     5.6    18.7   0.120   0.123   0.127   0.120   0.215    17.2    16.9    16.1    15.5    16.1
94081 20211006  2.622 -103.30   45.52    30.6     8.9    19.7    21.8     0.0    14.80 C    38.9     5.2    20.4    51.9    11.3    27.7   0.119   0.124   0.128   0.119   0.217    17.2    17.1    16.5    15.7    16.1
94081 20211007  2.622 -103.30   45.52    25.1     5.8    15.4    15.3     0.0    13.35 C    38.8     3.8    16.4    72.0    20.0    45.0   0.118   0.123   0.128   0.119   0.215    17.2    17.2    16.8    15.9    16.0
94081 20211008  2.622 -103.30   45.52    21.4     3.6    12.5    13.3     1.4    11.23 C    38.6     2.5    16.3    88.4    43.2    59.0   0.116   0.122   0.127   0.120   0.215    16.2    16.4    16.5    15.9    16.0
94081 20211009  2.622 -103.30   45.52    13.9     8.5    11.2    11.3    22.9     1.08 C    16.5     8.5    11.9    93.9    84.5    90.8   0.131   0.121   0.127   0.119   0.215    15.2    15.8    16.2    16.0    16.0
94081 20211010  2.622 -103.30   45.52    17.6     4.5    11.1    10.4     0.0    13.97 C    23.9     3.4    10.4    92.9    27.6    63.0   0.209   0.118   0.126   0.119   0.215    13.0    13.8    14.9    15.7    16.0
94081 20211011  2.622 -103.30   45.52    12.8     0.6     6.7     7.1     0.0    11.69 C    24.5    -0.3     8.3    90.4    36.4    60.5   0.223   0.120   0.124   0.118   0.214    11.3    12.2    13.7    15.1    15.9
94081 20211012  2.622 -103.30   45.52     6.2     0.2     3.2     2.8    20.8     2.12 C    10.2     0.0     2.7    94.6    56.1    77.5   0.233   0.126   0.122   0.118   0.214     8.9    10.2    12.5    14.5    15.8
94081 20211013  2.622 -103.30   45.52     3.3     0.8     2.0     1.8    33.9     1.34 C     3.4     0.4     1.8    92.8    82.6    89.4   0.324   0.318   0.256   0.116   0.215     6.1     7.2     9.7    13.4    15.5
94081 20211014  2.622 -103.30   45.52     7.4    -2.4     2.5     2.8     0.0    13.07 C    15.8    -3.0     3.7    92.0    54.0    74.1   0.309   0.327   0.337   0.114   0.213     6.2     7.0     8.4    11.9    15.2
94081 20211015  2.622 -103.30   45.52     9.7    -0.4     4.7     4.2     0.0    13.22 C    15.6    -2.6     3.8    78.1    40.4    62.3   0.302   0.320   0.331   0.113   0.212     6.4     7.1     8.3    11.0    14.6
94081 20211016  2.622 -103.30   45.52    16.6    -0.1     8.2     7.4     0.0    12.95 C    23.5    -3.1     6.3    84.8    32.0    58.2   0.298   0.316   0.325   0.111   0.211     6.7     7.2     8.1    10.5    14.1
94081 20211017  2.622 -103.30   45.52    23.3     1.3    12.3    12.9     0.0    13.09 C    29.4    -1.3    10.4    85.9    19.7    46.5   0.296   0.313   0.323   0.111   0.210     7.9     8.1     8.4    10.1    13.6
94081 20211018  2.622 -103.30   45.52    23.9     2.2    13.1    12.5     0.0    12.23 C    33.2     0.4    11.3    89.2    15.6    50.5   0.295   0.312   0.321   0.110   0.209     9.3     9.4     9.3    10.2    13.3
94081 20211019  2.622 -103.30   45.52     6.3     1.6     3.9     4.0     0.0     0.77 C     5.7     0.7     3.8    94.0    70.5    83.8   0.290   0.308   0.318   0.111   0.208     7.8     8.5     9.4    10.3    13.0
94081 20211020  2.622 -103.30   45.52     6.4    -5.9     0.3     1.1     0.0     7.21 C    18.1    -6.5     2.5    86.0    44.3    71.5   0.287   0.305   0.316   0.111   0.208     6.8     7.5     8.5    10.2    12.8
94081 20211021  2.622 -103.30   45.52    15.1    -6.9     4.1     5.0     0.0     9.33 C    22.7    -6.9     5.4    88.3    42.6    68.2   0.283   0.301   0.313   0.111   0.207     5.9     6.5     7.6     9.7    12.7
94081 20211022  2.622 -103.30   45.52    17.4    -0.8     8.3     8.7     0.0    11.91 C    28.6    -1.9     9.2    94.9    34.0    68.5   0.284   0.302   0.312   0.110   0.206     7.9     8.0     8.1     9.4    12.4
94081 20211023  2.622 -103.30   45.52     8.2     2.4     5.3     5.5     2.3     5.36 C    13.7     1.0     5.7    91.2    59.5    73.9   0.282   0.300   0.311   0.110   0.207     7.3     7.8     8.4     9.4    12.2
94081 20211024  2.622 -103.30   45.52    11.0     3.6     7.3     5.7     2.3     7.56 C    19.9     1.8     7.3    94.0    64.3    86.6   0.293   0.305   0.311   0.111   0.206     7.8     8.1     8.3     9.3    12.0
94081 20211025  2.622 -103.30   45.52    15.0     3.2     9.1     7.9     0.0     8.58 C    19.4     2.5     7.8    93.5    49.1    75.1   0.292   0.307   0.312   0.112   0.205     7.7     8.1     8.4     9.3    11.9
94081 20211026  2.622 -103.30   45.52    11.4     2.2     6.8     6.8     1.7     1.97 C    12.1     1.7     6.4    92.1    61.3    80.7   0.290   0.306   0.314   0.112   0.204     7.8     8.2     8.6     9.4    11.7
94081 20211027  2.622 -103.30   45.52    14.9     2.3     8.6     7.0     0.0    10.85 C    18.1    -0.7     5.8    90.2    30.0    62.0   0.291   0.306   0.315   0.113   0.205     7.2     7.7     8.3     9.3    11.6
94081 20211028  2.622 -103.30   45.52    13.0    -2.2     5.4     5.8     0.0    11.06 C    17.4    -3.2     4.2    88.2    26.0    51.5   0.288   0.304   0.314   0.112   0.205     6.5     7.1     7.9     9.2    11.5
94081 20211029  2.622 -103.30   45.52    20.7     0.4    10.6    10.3     0.0     9.34 C    24.5    -1.9     7.7    87.6    28.8    53.3   0.285   0.302   0.312   0.112   0.203     6.6     6.9     7.5     8.9    11.4
94081 20211030  2.622 -103.30   45.52     8.7    -1.4     3.7     5.2     0.0     3.90 C    16.5    -2.9     4.8    86.7    52.9    72.2   0.284   0.300   0.310   0.112   0.205     6.8     7.3     7.7     8.8    11.3
94081 20211031  2.622 -103.30   45.52     5.0   -10.2    -2.6    -2.3     0.0    10.81 C    12.0   -10.7    -2.0    90.2    31.5    67.4   0.279   0.297   0.306   0.113   0.203     4.8     5.7     7.0     8.6    11.1
94081 20211101  2.622 -103.30   45.52     4.0   -12.1    -4.0    -5.5     0.0    10.28 C    12.8   -12.0    -4.8    85.7    32.5    66.6   0.274   0.293   0.303   0.111   0.203     2.8     3.8     5.6     8.1    11.0
94081 20211102  2.622 -103.30   45.52     7.1   -12.8    -2.9    -3.5     0.0    10.06 C    16.9   -12.5    -3.1    85.6    38.1    68.3   0.271   0.290   0.299   0.109   0.203     1.8     2.8     4.4     7.3    10.8
94081 20211103  2.622 -103.30   45.52    15.2    -8.7     3.2     1.6     0.0     9.91 C    20.5    -9.5     0.4    89.5    33.0    69.5   0.271   0.288   0.298   0.109   0.203     2.1     2.7     3.9     6.5    10.5
94081 20211104  2.622 -103.30   45.52    18.7    -4.6     7.0     8.0     0.0     9.43 C    23.4    -6.9     5.5    90.0    29.1    57.2   0.272   0.289   0.297   0.109   0.202     3.1     3.4     4.0     6.1    10.1
94081 20211105  2.622 -103.30   45.52    18.1    -0.7     8.7     8.5     0.0     9.59 C    21.1    -4.8     5.2    85.8    23.5    56.1   0.273   0.290   0.298   0.109   0.201     4.7     4.8     4.9     6.0     9.8
94081 20211106  2.622 -103.30   45.52    21.5    -1.3    10.1     8.4     0.0     7.97 C    25.4    -5.0     5.5    81.1    18.0    52.3   0.271   0.288   0.298   0.110   0.201     4.5     4.8     5.1     6.2     9.6
94081 20211107  2.622 -103.30   45.52    14.9    -0.6     7.2     5.8     0.0     8.23 C    21.4    -4.1     5.6    87.6    26.3    63.6   0.270   0.288   0.298   0.109   0.200     5.1     5.4     5.5     6.3     9.4
94081 20211108  2.622 -103.30   45.52     8.4    -1.7     3.4     3.4     0.0     7.72 C    15.8    -4.2     2.9    91.7    51.2    76.3   0.269   0.286   0.297   0.110   0.199     4.7     5.2     5.6     6.4     9.4
94081 20211109  2.622 -103.30   45.52    13.5    -6.0     3.8     5.0     1.3     8.20 C    19.2    -6.5     5.0    95.9    41.6    69.9   0.267   0.284   0.296   0.110   0.199     4.6     4.9     5.4     6.4     9.3
94081 20211110  2.622 -103.30   45.52    10.1    -0.9     4.6     5.6     0.2     7.50 C    12.8    -5.8     3.5    84.8    24.2    51.2   0.267   0.284   0.295   0.111   0.199     5.2     5.6     5.8     6.4     9.2
94081 20211111  2.622 -103.30   45.52     3.2    -4.1    -0.5    -0.1     0.0     6.50 C     7.4    -4.8    -0.9    69.8    41.4    53.0   0.263   0.280   0.293   0.110   0.198     3.3     4.0     5.2     6.4     9.1
94081 20211112  2.622 -103.30   45.52     1.8    -5.7    -1.9    -1.9     0.0     7.40 C    10.6    -7.4    -1.2    78.0    38.5    59.0   0.261   0.277   0.291   0.110   0.199     2.3     3.0     4.3     6.1     9.1
94081 20211113  2.622 -103.30   45.52    14.7    -2.0     6.4     4.2     0.0     5.63 C    16.5    -5.4     3.1    81.6    25.5    58.1   0.261   0.277   0.290   0.111   0.199     3.0     3.4     4.0     5.7     8.9
94081 20211114  2.622 -103.30   45.52     6.4    -2.3     2.0     3.3     0.3     2.57 C    11.0    -7.2     1.7    85.8    58.4    72.5   0.260   0.276   0.290   0.111   0.198     3.0     3.4     4.1     5.5     8.8
94081 20211115  2.622 -103.30   45.52    19.9    -2.7     8.6     7.7     0.0     6.09 C    18.5    -4.0     4.7    90.7    19.1    59.2   0.260   0.276   0.291   0.110   0.199     3.6     3.9     4.3     5.4     8.6
94081 20211116  2.622 -103.30   45.52    14.3    -1.1     6.6     6.8     0.0     6.46 C    15.0    -5.4     3.6    54.2    16.3    33.6   0.260   0.275   0.291   0.110   0.196     4.2     4.6     4.8     5.5     8.5
94081 20211117  2.622 -103.30   45.52     1.8   -10.0    -4.1    -2.6     0.0     7.63 C     5.7   -13.9    -4.0    71.8    27.2    48.8   0.257   0.272   0.289   0.109   0.198     2.2     3.0     4.2     5.5     8.4
94081 20211118  2.622 -103.30   45.52     4.4   -14.3    -4.9    -3.4     0.0     7.46 C    14.5   -15.7    -4.0    82.5    20.8    50.1   0.254   0.269   0.286   0.110   0.199     0.9     1.7     3.1     5.2     8.3
94081 20211119  2.622 -103.30   45.52    11.2    -9.5     0.8     1.7     0.0     5.64 C    16.7   -10.6     0.6    79.9    20.2    45.9   0.253   0.268   0.284   0.109   0.197     0.8     1.4     2.5     4.6     8.1
94081 20211120  2.622 -103.30   45.52     6.0    -3.5     1.2     1.3     0.4     4.03 C    10.3    -8.6    -0.2    89.9    49.8    70.6   0.254   0.268   0.282   0.108   0.198     1.7     2.1     2.7     4.3     8.0
94081 20211121  2.622 -103.30   45.52     3.5    -7.6    -2.0    -1.6     0.0     5.67 C    10.8   -10.5    -2.2    87.1    47.5    67.9   0.254   0.268   0.283   0.108   0.196     1.0     1.6     2.6     4.2     7.8
94081 20211122  2.622 -103.30   45.52    13.6    -6.4     3.6     3.8     0.0     7.22 C    16.4    -8.6     1.2    81.1    16.8    48.1   0.253   0.267   0.281   0.109   0.196     1.2     1.6     2.3     4.0     7.6
94081 20211123  2.622 -103.30   45.52    12.6    -8.6     2.0     0.8     0.0     5.89 C    19.3   -11.0    -2.2    83.4    19.8    55.1   0.253   0.267   0.281   0.110   0.196     1.4     1.8     2.5     3.9     7.4
94081 20211124  2.622 -103.30   45.52    -0.6   -15.0    -7.8    -6.4     0.0     3.11 C    -0.4   -16.4    -6.9    84.9    62.9    75.7 -99.000   0.265   0.280   0.110   0.195     0.5     1.2     2.2     3.8     7.3
94081 20211125  2.622 -103.30   45.52     5.1   -15.2    -5.1    -3.0     0.0     4.14 C     7.1   -16.3    -4.2    84.5    44.1    67.3 -99.000   0.263   0.279   0.110   0.196     0.0     0.6     1.7     3.6     7.1
94081 20211126  2.622 -103.30   45.52    16.8    -0.3     8.2     7.2     0.0     5.57 C    19.2    -5.1     2.2    71.0    21.3    47.6 -99.000   0.263   0.276   0.109   0.194     0.0     0.6     1.4     3.2     7.0
94081 20211127  2.622 -103.30   45.52     7.0    -8.0    -0.5     1.4     0.0     6.61 C    13.9   -10.1    -0.9    88.8    49.5    67.3 -99.000   0.262   0.277   0.108   0.193     0.3     0.7     1.4     3.0     6.8
94081 20211128  2.622 -103.30   45.52    15.8    -4.1     5.8     5.7     0.0     4.75 C    19.4    -8.6     2.0    86.9    27.3    56.9 -99.000   0.262   0.276   0.110   0.194     0.6     0.9     1.5     3.0     6.7
94081 20211129  2.622 -103.30   45.52    15.7     0.4     8.0     7.9     0.0     5.84 C    20.3    -5.5     4.1    71.6    32.6    52.6   0.250   0.263   0.276   0.109   0.193     1.7     1.8     1.9     3.0     6.5
94081 20211130  2.622 -103.30   45.52    10.9    -6.1     2.4     4.0     0.3     3.39 C    16.0    -8.9     0.9    92.7    42.8    66.8   0.250   0.263   0.277   0.109   0.193     1.8     2.1     2.4     3.2     6.4
94081 20211201  2.622 -103.30   45.52    20.9     1.7    11.3    12.4     0.0     3.68 C    19.3    -4.8     7.4    64.9    23.3    42.0   0.251   0.263   0.277   0.110   0.192     2.7     2.7     2.7     3.4     6.3
94081 20211202  2.622 -103.30   45.52    12.1     1.1     6.6     6.4     0.0     3.88 C    16.2    -3.0     4.5    82.6    41.3    62.3   0.251   0.264   0.279   0.111   0.192     3.5     3.6     3.5     3.6     6.3
94081 20211203  2.622 -103.30   45.52     8.3    -1.6     3.3     1.1     0.0     1.99 C     6.6    -1.8     1.4    82.9    34.4    56.1   0.250   0.263   0.279   0.112   0.192     3.1     3.4     3.7     4.0     6.3
94081 20211204  2.622 -103.30   45.52    -1.4    -4.0    -2.7    -2.5     0.0     1.59 C     1.2    -5.8    -2.5    86.6    51.8    71.2   0.248   0.262   0.277   0.112   0.191     1.7     2.3     3.2     4.1     6.3
94081 20211205  2.622 -103.30   45.52     2.8   -13.2    -5.2    -4.4     0.0     3.08 C     1.8   -13.5    -4.5    87.1    50.4    64.9   0.246   0.260   0.275   0.112   0.191     1.0     1.6     2.5     3.9     6.4
94081 20211206  2.622 -103.30   45.52    -5.0   -17.5   -11.3   -10.2     0.0     5.66 C     0.4   -18.9    -8.8    79.7    41.8    63.8 -99.000   0.258   0.273   0.112   0.191     0.1     0.8     1.9     3.5     6.3
94081 20211207  2.622 -103.30   45.52    -1.1   -11.2    -6.1    -5.7     0.3     4.80 C     5.9   -13.5    -5.0    88.7    51.4    69.5 -99.000   0.251   0.272   0.112   0.192    -0.2     0.4     1.4     3.1     6.3
94081 20211208  2.622 -103.30   45.52    10.8   -12.2    -0.7     0.2     0.0     5.87 C    16.3   -13.4    -1.3    88.4    35.4    65.2 -99.000 -99.000   0.271   0.111   0.194    -0.3     0.2     1.1     2.8     6.1
94081 20211209  2.622 -103.30   45.52     5.2    -7.0    -0.9    -1.8     0.0     5.75 C     6.3    -8.9    -3.3    86.0    27.1    60.2 -99.000 -99.000   0.270   0.112   0.192    -0.2     0.2     1.0     2.6     6.0
94081 20211210  2.622 -103.30   45.52     0.9   -11.3    -5.2    -4.6     0.0     2.87 C     3.3   -15.3    -6.2    85.7    46.8    72.8 -99.000 -99.000   0.269   0.111   0.192    -0.3     0.1     0.9     2.4     5.8
94081 20211211  2.622 -103.30   45.52     5.3    -9.7    -2.2    -1.6     0.0     4.53 C     6.6   -15.4    -4.6    76.4    27.7    50.6 -99.000 -99.000   0.276   0.111   0.192    -0.6    -0.1     0.8     2.3     5.7
94081 20211212  2.622 -103.30   45.52    11.7    -3.1     4.3     1.8     0.0     5.13 C    14.2    -9.1    -2.1    74.4    22.5    52.1 -99.000 -99.000   0.277   0.112   0.193    -0.5    -0.1     0.7     2.1     5.5
94081 20211213  2.622 -103.30   45.52    10.5    -7.2     1.6     0.1     0.0     3.27 C    10.1   -10.2    -3.5    84.0    26.3    62.8 -99.000 -99.000   0.276   0.111   0.191    -0.5    -0.1     0.6     2.0     5.4
94081 20211214  2.622 -103.30   45.52    15.8    -2.6     6.6     6.9     0.0     3.36 C    13.6    -7.2     2.3    69.7    22.6    42.4 -99.000 -99.000   0.275   0.112   0.191    -0.5    -0.1     0.6     1.9     5.3
94081 20211215  2.622 -103.30   45.52     7.2   -12.2    -2.5    -5.3     0.0     0.92 C     2.6   -18.4    -6.5    89.0    39.8    70.5 -99.000 -99.000   0.275   0.111   0.191    -0.4    -0.1     0.6     1.9     5.2
94081 20211216  2.622 -103.30   45.52    -1.0   -18.3    -9.7    -8.5     0.0     5.97 C     0.9   -20.9   -11.7    85.3    42.6    67.0 -99.000 -99.000   0.274   0.112   0.191    -0.8    -0.2     0.5     1.8     5.1
94081 20211217  2.622 -103.30   45.52    -7.6   -22.7   -15.1   -13.6     0.4     2.66 C    -3.0   -27.4   -14.2    85.8    66.2    76.1 -99.000 -99.000   0.274   0.112   0.191    -1.1    -0.5     0.4     1.7     5.0
94081 20211218  2.622 -103.30   45.52    -5.1   -28.0   -16.5   -14.7     0.0     6.38 C    -6.7   -29.2   -16.6    77.8    49.8    65.6 -99.000 -99.000   0.306   0.111   0.191    -1.5    -0.8     0.3     1.6     4.9
94081 20211219  2.622 -103.30   45.52     8.7    -8.6     0.1    -1.4     0.0     3.78 C     6.0   -11.3    -3.7    81.1    45.2    63.6 -99.000 -99.000 -99.000   0.111   0.191    -1.0    -0.6     0.2     1.5     4.8
94081 20211220  2.622 -103.30   45.52    -5.2   -14.0    -9.6    -9.6     0.0     5.03 C    -2.0   -15.7    -8.6    82.4    54.1    70.6 -99.000 -99.000 -99.000   0.112   0.190    -1.2    -0.7     0.1     1.4     4.7
94081 20211221  2.622 -103.30   45.52    -0.2   -13.4    -6.8    -5.8     1.6     6.27 C    -1.3   -18.8    -9.8    91.0    39.4    70.4 -99.000 -99.000 -99.000   0.112   0.190    -1.2    -0.8     0.1     1.3     4.7
94081 20211222  2.622 -103.30   45.52    11.0   -10.9     0.1    -0.6     0.0     5.57 C     6.4   -15.0    -5.4    86.7    41.9    66.8 -99.000 -99.000 -99.000   0.111   0.190    -1.1    -0.7     0.0     1.3     4.5
94081 20211223  2.622 -103.30   45.52    12.7    -6.0     3.3     3.9     0.0     5.61 C     7.4    -8.7    -1.0    78.9    29.1    52.4 -99.000 -99.000 -99.000   0.110   0.189    -0.7    -0.5     0.0     1.2     4.5
94081 20211224  2.622 -103.30   45.52    10.2    -6.4     1.9    -2.0     0.0     5.08 C     6.0    -6.5    -2.2    77.7    41.3    58.8 -99.000 -99.000 -99.000   0.112   0.188    -0.5    -0.3     0.1     1.2     4.4
94081 20211225  2.622 -103.30   45.52    -4.6    -9.9    -7.3    -7.2     0.0     2.11 C    -2.8    -8.3    -5.6    83.8    58.9    78.6 -99.000 -99.000 -99.000   0.112   0.189    -0.9    -0.5     0.1     1.2     4.3
94081 20211226  2.622 -103.30   45.52    -6.4   -18.2   -12.3   -10.1     2.9     3.19 C    -2.6   -19.4    -8.9    91.0    70.1    83.1 -99.000 -99.000 -99.000   0.110   0.190    -1.5    -0.9     0.0     1.1     4.3
94081 20211227  2.622 -103.30   45.52   -18.2   -24.9   -21.6   -21.5     1.5     5.54 C   -19.4   -31.6   -23.8    76.9    58.2    67.6 -99.000 -99.000 -99.000   0.111   0.188    -1.9    -1.2    -0.1     1.1     4.2
94081 20211228  2.622 -103.30   45.52   -12.2   -29.9   -21.1   -20.6     0.0     5.29 C   -13.9   -34.6   -24.2    80.6    62.9    73.2 -99.000 -99.000 -99.000   0.112   0.188    -2.1    -1.4    -0.2     0.9     4.1
94081 20211229  2.622 -103.30   45.52   -10.9   -18.3   -14.6   -15.9     1.3     3.82 C   -12.8   -24.1   -16.7    80.1    68.0    73.2 -99.000 -99.000 -99.000   0.113   0.189    -2.1    -1.5    -0.4     0.9     4.0
94081 20211230  2.622 -103.30   45.52    -8.2   -21.1   -14.7   -14.0     0.7     5.85 C    -8.0   -25.8   -14.9    85.5    66.0    79.2 -99.000 -99.000 -99.000   0.115   0.190    -2.1    -1.5    -0.6     0.7     3.9
94081 20211231  2.622 -103.30   45.52   -15.7   -24.5   -20.1   -21.0     0.3     4.59 C   -16.8   -28.6   -20.9    75.6    64.8    68.4 -99.000 -99.000 -99.000   0.133   0.187    -2.2    -1.6    -0.7     0.6     3.8
