94081 20200101  2.622 -103.30   45.52     8.6    -1.3     3.6     3.0     0.4     3.71 C     8.2    -4.8     1.8    93.9    45.1    69.9 -99.000 -99.000 -99.000   0.224   0.288    -1.4    -1.1    -0.6     0.6     3.1
94081 20200102  2.622 -103.30   45.52     5.8    -3.0     1.4     1.0     0.3     3.34 C     6.2    -4.7     0.3    94.1    62.6    83.8 -99.000 -99.000 -99.000   0.223   0.288    -0.7    -0.5    -0.4     0.5     3.1
94081 20200103  2.622 -103.30   45.52     2.4    -8.5    -3.1    -2.8     0.0     6.44 C     4.1    -9.1    -3.0    84.5    37.6    63.8 -99.000 -99.000 -99.000   0.226   0.288    -0.9    -0.6    -0.3     0.5     3.0
94081 20200104  2.622 -103.30   45.52     9.7    -2.7     3.5     3.2     0.0     3.68 C     9.9    -5.5     1.1    78.7    34.9    56.9 -99.000 -99.000 -99.000   0.224   0.288    -1.0    -0.7    -0.3     0.5     2.9
94081 20200105  2.622 -103.30   45.52     4.2    -8.4    -2.1    -1.0     0.0     6.51 C     5.8   -10.9    -2.3    81.7    30.0    57.4 -99.000 -99.000 -99.000   0.223   0.289    -0.8    -0.5    -0.2     0.5     2.9
94081 20200106  2.622 -103.30   45.52     4.6    -9.3    -2.4    -3.0     0.0     4.93 C     4.5   -11.2    -4.7    88.6    33.2    64.2 -99.000 -99.000 -99.000   0.224   0.289    -1.7    -1.1    -0.4     0.5     2.8
94081 20200107  2.622 -103.30   45.52     0.5    -6.8    -3.1    -2.1     0.6     3.15 C     4.0    -6.1    -1.6    93.1    61.3    77.5 -99.000 -99.000 -99.000   0.223   0.289    -1.5    -1.1    -0.5     0.5     2.8
94081 20200108  2.622 -103.30   45.52    -2.6    -8.5    -5.5    -5.9     0.0     4.86 C     1.3    -9.9    -4.9    92.5    59.6    79.2 -99.000 -99.000 -99.000   0.221   0.289    -1.7    -1.2    -0.5     0.4     2.8
94081 20200109  2.622 -103.30   45.52    -1.7   -10.8    -6.3    -7.0     0.0     3.18 C    -0.8   -11.0    -6.3    93.9    63.1    78.3 -99.000 -99.000 -99.000   0.222   0.289    -2.3    -1.7    -0.7     0.4     2.7
94081 20200110  2.622 -103.30   45.52    -8.6   -15.1   -11.9   -12.5     0.6     6.89 C    -4.6   -16.7   -11.7    82.4    47.9    70.3 -99.000 -99.000 -99.000   0.221   0.289    -3.1    -2.3    -1.0     0.4     2.7
94081 20200111  2.622 -103.30   45.52    -9.2   -17.7   -13.4   -12.1     0.6     2.37 C    -6.4   -17.6   -11.2    91.5    71.6    80.0 -99.000 -99.000 -99.000   0.221   0.289    -3.9    -3.2    -1.4     0.3     2.7
94081 20200112  2.622 -103.30   45.52     4.5   -13.0    -4.2    -6.4     0.0     7.23 C     6.9   -13.9    -6.5    89.8    45.4    78.4 -99.000 -99.000 -99.000 -99.000   0.289    -3.3    -2.9    -1.6     0.2     2.6
94081 20200113  2.622 -103.30   45.52    -7.2   -18.6   -12.9   -10.2     0.2     2.18 C    -3.3   -18.0    -8.7    92.5    71.6    85.6 -99.000 -99.000 -99.000 -99.000   0.287    -3.4    -2.8    -1.6     0.1     2.5
94081 20200114  2.622 -103.30   45.52   -14.1   -22.4   -18.2   -18.5     0.5     3.88 C    -9.0   -23.6   -16.5    79.4    66.2    73.8 -99.000 -99.000 -99.000 -99.000   0.286    -5.2    -4.3    -2.3     0.0     2.5
94081 20200115  2.622 -103.30   45.52   -12.7   -26.2   -19.4   -20.3     0.2     6.55 C   -10.2   -26.9   -20.7    80.9    56.1    71.7 -99.000 -99.000 -99.000 -99.000   0.286    -6.1    -5.3    -3.2    -0.1     2.4
94081 20200116  2.622 -103.30   45.52    -7.2   -23.7   -15.5   -14.5     0.0     6.83 C    -3.7   -24.3   -14.7    84.5    61.4    73.6 -99.000 -99.000 -99.000 -99.000   0.287    -6.2    -5.5    -3.7    -0.4     2.3
94081 20200117  2.622 -103.30   45.52     0.1   -18.2    -9.0   -12.0     0.0     2.58 C     1.3   -18.4   -11.2    84.5    60.7    72.9 -99.000 -99.000 -99.000 -99.000   0.287    -5.7    -5.1    -3.7    -0.8     2.2
94081 20200118  2.622 -103.30   45.52   -10.4   -20.4   -15.4   -16.2     0.0     7.73 C    -8.6   -20.7   -16.1    73.6    46.3    60.9 -99.000 -99.000 -99.000 -99.000   0.286    -7.2    -6.3    -4.4    -1.1     2.0
94081 20200119  2.622 -103.30   45.52    -6.3   -21.0   -13.7   -14.3     0.0     6.59 C    -2.2   -21.0   -13.3    78.6    42.5    65.1 -99.000 -99.000 -99.000 -99.000   0.286    -7.2    -6.5    -4.9    -1.4     1.9
94081 20200120  2.622 -103.30   45.52    -1.8   -15.7    -8.7    -9.0     0.0     7.75 C    -0.7   -17.1    -9.5    77.2    54.5    66.8 -99.000 -99.000 -99.000 -99.000   0.287    -6.6    -6.1    -4.9    -1.7     1.7
94081 20200121  2.622 -103.30   45.52    11.2    -7.2     2.0     1.3     0.0     4.19 C     9.7    -8.3    -0.8    81.3    28.5    58.3 -99.000 -99.000 -99.000 -99.000   0.288    -4.4    -4.3    -4.0    -1.8     1.6
94081 20200122  2.622 -103.30   45.52     6.8    -4.9     1.0    -0.1     0.0     2.35 C     6.3    -7.0    -1.4    91.1    48.6    79.2 -99.000 -99.000 -99.000 -99.000   0.284    -3.0    -2.9    -2.9    -1.7     1.5
94081 20200123  2.622 -103.30   45.52     2.4   -10.0    -3.8    -2.6     0.0     3.60 C     5.8   -10.8    -3.0    93.8    66.4    85.7 -99.000 -99.000 -99.000 -99.000   0.285    -2.7    -2.5    -2.4    -1.5     1.4
94081 20200124  2.622 -103.30   45.52     0.7    -7.4    -3.3    -2.6     0.0     6.64 C     5.8    -6.5    -1.4    94.3    74.1    87.2 -99.000 -99.000 -99.000 -99.000   0.286    -2.6    -2.4    -2.2    -1.4     1.3
94081 20200125  2.622 -103.30   45.52     9.8    -3.5     3.2     1.2     0.0     6.98 C    11.7    -7.5    -0.3    94.4    34.0    70.4 -99.000 -99.000 -99.000 -99.000   0.286    -1.9    -1.8    -1.8    -1.2     1.3
94081 20200126  2.622 -103.30   45.52     1.3    -4.7    -1.7    -0.6     0.0     2.24 C     2.5    -8.7    -1.6    83.9    64.5    74.6 -99.000 -99.000 -99.000 -99.000   0.286    -2.1    -1.8    -1.7    -1.1     1.2
94081 20200127  2.622 -103.30   45.52     2.7    -2.0     0.4    -0.5     0.7     4.75 C     9.6    -1.9     0.3    94.9    64.0    82.2 -99.000 -99.000 -99.000 -99.000   0.286    -1.6    -1.5    -1.5    -1.0     1.2
94081 20200128  2.622 -103.30   45.52     6.7    -9.5    -1.4    -1.7     0.3     9.27 C     8.0   -12.1    -2.9    95.7    40.2    78.2 -99.000 -99.000 -99.000 -99.000   0.285    -1.3    -1.2    -1.3    -1.0     1.2
94081 20200129  2.622 -103.30   45.52     7.8    -9.0    -0.6    -2.6     0.0     7.62 C     9.2    -9.3    -3.4    91.3    39.2    76.9 -99.000 -99.000 -99.000 -99.000   0.283    -1.9    -1.6    -1.3    -0.9     1.2
94081 20200130  2.622 -103.30   45.52     2.1    -8.1    -3.0    -2.0     1.5     2.43 C     2.5    -9.4    -2.7    93.1    74.4    86.0 -99.000 -99.000 -99.000 -99.000   0.284    -2.0    -1.7    -1.4    -0.9     1.2
94081 20200131  2.622 -103.30   45.52     6.5   -13.3    -3.4    -2.8     0.0     5.41 C     5.9   -14.3    -4.2    88.1    51.0    75.9 -99.000 -99.000 -99.000 -99.000   0.285    -2.2    -1.9    -1.5    -0.9     1.2
94081 20200201  2.622 -103.30   45.52    14.7    -1.7     6.5     7.2     0.0     4.92 C    10.3    -4.8     3.2    82.6    25.7    50.4 -99.000 -99.000 -99.000 -99.000   0.285    -1.6    -1.4    -1.3    -0.9     1.2
94081 20200202  2.622 -103.30   45.52     6.2    -3.6     1.3     1.5     0.0     3.88 C     7.0    -4.4     0.0    78.5    44.8    59.3 -99.000 -99.000 -99.000 -99.000   0.285    -0.8    -0.8    -1.0    -0.9     1.2
94081 20200203  2.622 -103.30   45.52    -2.5    -8.4    -5.4    -4.9     0.0     5.12 C     1.8    -8.5    -4.2    83.6    28.2    59.4 -99.000 -99.000 -99.000 -99.000   0.285    -1.3    -1.0    -0.9    -0.8     1.2
94081 20200204  2.622 -103.30   45.52    -0.2   -13.3    -6.8    -7.0     0.0     9.60 C     4.9   -14.0    -6.9    89.0    34.3    68.3 -99.000 -99.000 -99.000 -99.000   0.285    -2.6    -2.0    -1.3    -0.8     1.2
94081 20200205  2.622 -103.30   45.52     1.2   -12.9    -5.9    -5.1     0.0     6.95 C     4.9   -13.7    -5.0    78.8    43.5    63.1 -99.000 -99.000 -99.000 -99.000   0.284    -3.3    -2.8    -1.9    -0.8     1.2
94081 20200206  2.622 -103.30   45.52     0.9    -7.8    -3.5    -2.5     1.1     2.71 C     2.8    -6.7    -2.5    91.8    59.6    77.5 -99.000 -99.000 -99.000 -99.000   0.285    -2.4    -2.2    -1.8    -0.9     1.2
94081 20200207  2.622 -103.30   45.52    -3.3   -11.8    -7.5    -7.2     2.2     3.62 C    -2.8   -18.1    -7.3    90.0    76.3    83.0 -99.000 -99.000 -99.000 -99.000   0.286    -2.4    -2.1    -1.7    -1.0     1.2
94081 20200208  2.622 -103.30   45.52    -0.2   -16.8    -8.5    -5.7     6.3     4.17 C    -0.4   -20.8    -7.3    91.8    68.1    83.4 -99.000 -99.000 -99.000 -99.000   0.287    -2.7    -2.4    -1.9    -1.0     1.1
94081 20200209  2.622 -103.30   45.52    -2.7   -10.7    -6.7    -5.8     0.6    10.04 C    -3.7   -16.2    -7.9    93.2    63.2    80.1 -99.000 -99.000 -99.000 -99.000   0.287    -2.3    -2.0    -1.7    -1.0     1.1
94081 20200210  2.622 -103.30   45.52    -2.3   -12.8    -7.6    -6.0     0.3     6.92 C    -2.0   -18.2    -9.2    88.7    65.4    76.0 -99.000 -99.000 -99.000 -99.000   0.287    -2.4    -2.1    -1.7    -1.0     1.1
94081 20200211  2.622 -103.30   45.52     2.0   -15.2    -6.6    -4.9     0.0    10.67 C    -0.3   -22.1    -8.6    88.3    46.0    68.6 -99.000 -99.000 -99.000 -99.000   0.287    -2.7    -2.4    -1.9    -1.0     1.1
94081 20200212  2.622 -103.30   45.52     0.7   -31.9   -15.6   -13.2     1.5     6.41 C    -0.1   -36.9   -14.6    89.4    56.8    75.4 -99.000 -99.000 -99.000 -99.000   0.287    -2.5    -2.2    -1.7    -1.0     1.1
94081 20200213  2.622 -103.30   45.52    -7.7   -35.7   -21.7   -18.8     0.0    11.60 C    -9.7   -38.3   -20.6    82.7    58.8    71.1 -99.000 -99.000 -99.000 -99.000   0.286    -3.9    -3.3    -2.3    -1.0     1.1
94081 20200214  2.622 -103.30   45.52     6.0   -10.1    -2.0    -2.5     0.0    11.34 C     1.4   -14.9    -5.3    82.3    46.8    67.5 -99.000 -99.000 -99.000 -99.000   0.285    -3.4    -3.1    -2.5    -1.2     1.0
94081 20200215  2.622 -103.30   45.52     3.4    -8.4    -2.5    -1.7     0.0     8.96 C     3.1   -12.4    -3.8    90.3    45.2    69.0 -99.000 -99.000 -99.000 -99.000   0.285    -2.5    -2.3    -2.1    -1.2     1.0
94081 20200216  2.622 -103.30   45.52     5.9    -7.6    -0.8    -1.5     0.0     8.32 C     5.4    -9.4    -3.0    91.7    42.4    67.7 -99.000 -99.000 -99.000 -99.000   0.285    -2.1    -1.9    -1.8    -1.2     0.9
94081 20200217  2.622 -103.30   45.52     0.0   -10.7    -5.4    -4.3     0.0     6.43 C     3.0   -11.4    -4.1    92.8    58.4    81.7 -99.000 -99.000 -99.000 -99.000   0.284    -2.0    -1.8    -1.6    -1.1     0.9
94081 20200218  2.622 -103.30   45.52    -4.2   -13.8    -9.0   -10.0     0.7     6.61 C    -2.9   -15.0    -8.2    86.8    67.7    78.3 -99.000 -99.000 -99.000 -99.000   0.285    -2.9    -2.5    -1.9    -1.0     0.9
94081 20200219  2.622 -103.30   45.52    -5.6   -18.6   -12.1   -12.0     1.0     9.26 C    -0.4   -21.9   -10.6    84.8    64.1    77.2 -99.000 -99.000 -99.000 -99.000   0.286    -3.4    -3.0    -2.2    -1.1     0.9
94081 20200220  2.622 -103.30   45.52     4.4   -16.7    -6.1    -5.8     0.0    13.23 C     5.0   -18.9    -6.9    85.2    30.1    63.8 -99.000 -99.000 -99.000 -99.000   0.285    -3.8    -3.4    -2.7    -1.2     0.9
94081 20200221  2.622 -103.30   45.52    10.8   -12.4    -0.8    -1.2     0.0    13.25 C    10.1   -13.3    -3.1    81.6    17.8    52.6 -99.000 -99.000 -99.000 -99.000   0.285    -3.2    -2.9    -2.5    -1.4     0.9
94081 20200222  2.622 -103.30   45.52    10.3    -9.1     0.6     1.1     0.0    13.23 C    10.3   -10.5    -1.2    86.0    29.0    57.5 -99.000 -99.000 -99.000 -99.000   0.285    -2.4    -2.2    -2.1    -1.3     0.8
94081 20200223  2.622 -103.30   45.52     6.4    -6.1     0.2     0.6     0.0    13.50 C    12.5    -7.7     0.4    89.2    27.3    59.4 -99.000 -99.000 -99.000 -99.000   0.285    -1.7    -1.6    -1.6    -1.2     0.8
94081 20200224  2.622 -103.30   45.52     1.0    -5.7    -2.4    -1.7     0.3     5.00 C     3.9    -7.1    -1.1    88.8    46.7    69.2 -99.000 -99.000 -99.000 -99.000   0.285    -1.2    -1.1    -1.3    -1.0     0.8
94081 20200225  2.622 -103.30   45.52    -1.8   -15.7    -8.7    -6.1     2.8     8.26 C     0.3   -18.1    -6.4    90.8    61.7    80.6 -99.000 -99.000 -99.000 -99.000   0.288    -1.4    -1.2    -1.2    -0.9     0.8
94081 20200226  2.622 -103.30   45.52     1.5   -16.9    -7.7    -5.4     0.0     9.67 C     4.1   -18.9    -5.5    86.8    49.9    74.4 -99.000 -99.000 -99.000 -99.000   0.287    -2.4    -2.1    -1.6    -0.9     0.8
94081 20200227  2.622 -103.30   45.52     6.1    -3.9     1.1     0.3     0.0    11.84 C     8.3    -6.5    -0.1    89.8    49.5    74.4 -99.000 -99.000 -99.000 -99.000   0.287    -1.4    -1.3    -1.3    -1.0     0.8
94081 20200228  2.622 -103.30   45.52    10.2    -4.6     2.8     2.5     0.0    14.06 C    12.7    -7.0     0.9    86.1    41.4    65.6 -99.000 -99.000 -99.000 -99.000   0.287    -1.1    -1.0    -1.1    -0.9     0.8
94081 20200229  2.622 -103.30   45.52    14.8    -3.5     5.6     4.9     0.0    13.99 C    17.4    -4.9     3.2    87.1    23.7    58.1 -99.000 -99.000 -99.000 -99.000   0.286    -0.7    -0.7    -0.8    -0.8     0.8
94081 20200301  2.622 -103.30   45.52     1.4    -9.1    -3.8    -2.2     0.0     5.10 C     2.2    -9.2    -2.3    90.3    58.3    73.2 -99.000 -99.000 -99.000 -99.000   0.285    -0.6    -0.5    -0.6    -0.7     0.8
94081 20200302  2.622 -103.30   45.52     6.9    -9.0    -1.1    -0.5     0.0     9.36 C     9.9    -9.7    -1.1    86.6    33.9    64.4 -99.000 -99.000 -99.000 -99.000   0.286    -0.9    -0.7    -0.6    -0.7     0.8
94081 20200303  2.622 -103.30   45.52     7.5    -6.0     0.8     1.0     1.0     6.28 C     9.8    -7.8    -0.2    94.6    48.6    75.3 -99.000 -99.000 -99.000 -99.000   0.287    -0.8    -0.6    -0.6    -0.7     0.8
94081 20200304  2.622 -103.30   45.52    15.0    -4.3     5.3     3.4     0.0     7.58 C    14.7    -6.4     1.8    82.6    23.7    58.4 -99.000 -99.000 -99.000 -99.000   0.286    -0.7    -0.6    -0.5    -0.7     0.8
94081 20200305  2.622 -103.30   45.52     7.2    -4.4     1.4     1.4     0.0    15.72 C    10.6    -5.3     1.2    78.2    20.9    48.5 -99.000 -99.000 -99.000 -99.000   0.285    -0.5    -0.5    -0.5    -0.6     0.9
94081 20200306  2.622 -103.30   45.52    18.0    -0.8     8.6     6.8     0.0    15.49 C    19.8    -3.3     5.1    62.7    18.3    39.5 -99.000 -99.000 -99.000 -99.000   0.285    -0.5    -0.4    -0.4    -0.6     0.9
94081 20200307  2.622 -103.30   45.52    22.0    -3.4     9.3     9.8     0.0    15.80 C    25.9    -5.1     7.5    82.9    12.6    42.8 -99.000 -99.000 -99.000 -99.000   0.287    -0.4    -0.4    -0.4    -0.6     0.9
94081 20200308  2.622 -103.30   45.52    10.3    -8.1     1.1     0.1     0.0     3.05 C     5.6    -7.9    -0.4    92.4    42.7    78.1 -99.000 -99.000 -99.000 -99.000   0.287    -0.3    -0.3    -0.3    -0.6     0.9
94081 20200309  2.622 -103.30   45.52     8.5    -7.7     0.4    -0.2     0.3    14.76 C    14.0    -7.7     1.6    90.0    43.3    72.1 -99.000 -99.000 -99.000 -99.000   0.287    -0.3    -0.2    -0.3    -0.5     0.9
94081 20200310  2.622 -103.30   45.52    10.2    -1.8     4.2     2.4     2.0    12.02 C    17.2    -4.7     2.1    95.5    31.1    73.2 -99.000 -99.000 -99.000 -99.000   0.286    -0.3    -0.2    -0.3    -0.5     0.9
94081 20200311  2.622 -103.30   45.52    13.9    -1.1     6.4     6.3     5.0    10.21 C    16.1    -3.8     5.2    93.5    27.0    55.9 -99.000 -99.000 -99.000 -99.000   0.286    -0.1    -0.2    -0.3    -0.5     1.0
94081 20200312  2.622 -103.30   45.52     4.4    -7.4    -1.5    -0.5     0.0    14.03 C     9.9    -7.9     0.0    89.4    35.6    65.0 -99.000 -99.000 -99.000 -99.000   0.288    -0.1    -0.2    -0.2    -0.5     1.0
94081 20200313  2.622 -103.30   45.52     2.2    -8.8    -3.3    -2.8     0.7    10.30 C     9.0    -9.1    -1.3    92.1    40.1    70.3 -99.000 -99.000 -99.000 -99.000   0.288    -0.3    -0.2    -0.2    -0.5     1.0
94081 20200314  2.622 -103.30   45.52    -2.7    -6.2    -4.4    -4.6     0.4     5.29 C    -2.4    -5.8    -4.0    92.2    78.2    85.6 -99.000 -99.000 -99.000 -99.000   0.288    -0.3    -0.2    -0.2    -0.5     1.0
94081 20200315  2.622 -103.30   45.52     2.3    -4.3    -1.0    -1.3     0.3     5.89 C     5.0    -3.0    -0.3    94.0    74.3    85.9 -99.000 -99.000 -99.000 -99.000   0.288    -0.3    -0.2    -0.2    -0.4     1.0
94081 20200316  2.622 -103.30   45.52    -1.5    -9.8    -5.7    -4.6     0.0     8.17 C     2.0   -10.1    -2.9    92.0    63.8    80.0 -99.000 -99.000 -99.000 -99.000   0.288    -0.3    -0.2    -0.2    -0.4     1.0
94081 20200317  2.622 -103.30   45.52     8.1   -11.0    -1.5    -2.2     0.0    11.50 C    12.8   -11.3    -1.7    93.8    57.2    80.5 -99.000 -99.000 -99.000 -99.000   0.288    -0.3    -0.2    -0.2    -0.4     1.0
94081 20200318  2.622 -103.30   45.52     5.5    -4.1     0.7     0.6     0.0     7.47 C    13.8    -5.6     1.9    91.4    58.6    80.4 -99.000 -99.000 -99.000 -99.000   0.288    -0.3    -0.2    -0.2    -0.4     1.0
94081 20200319  2.622 -103.30   45.52    -0.2   -13.6    -6.9    -6.8     0.0     4.56 C     0.4   -14.6    -5.0    95.6    68.0    83.7 -99.000 -99.000 -99.000 -99.000   0.288    -0.3    -0.2    -0.2    -0.4     1.0
94081 20200320  2.622 -103.30   45.52    -1.3   -16.2    -8.8    -7.9     0.0    17.56 C     5.8   -16.4    -5.5    84.2    35.1    59.2 -99.000 -99.000 -99.000 -99.000   0.287    -0.5    -0.3    -0.2    -0.4     1.0
94081 20200321  2.622 -103.30   45.52    12.8    -9.7     1.6     0.5     0.0    18.53 C    20.1   -10.1     1.2    87.2    18.7    57.5 -99.000 -99.000 -99.000 -99.000   0.285    -0.5    -0.4    -0.3    -0.4     1.1
94081 20200322  2.622 -103.30   45.52     8.4    -7.6     0.4    -0.1     0.0    11.45 C    20.0    -8.3     1.6    91.0    26.9    68.8 -99.000 -99.000 -99.000 -99.000   0.285    -0.4    -0.3    -0.2    -0.4     1.1
94081 20200323  2.622 -103.30   45.52    15.6    -7.4     4.1     4.6     0.5    15.75 C    25.2    -8.2     4.3    95.0    18.9    59.1 -99.000 -99.000 -99.000 -99.000   0.286    -0.2    -0.3    -0.2    -0.3     1.1
94081 20200324  2.622 -103.30   45.52    13.9    -2.5     5.7     5.7     0.0    19.19 C    22.0    -5.0     5.7    90.4    29.3    58.0 -99.000 -99.000 -99.000 -99.000   0.287     0.2    -0.1    -0.2    -0.3     1.1
94081 20200325  2.622 -103.30   45.52     1.3    -2.6    -0.7    -1.0     2.4     6.65 C     5.1    -1.3     0.3    93.2    79.8    85.6 -99.000 -99.000 -99.000 -99.000   0.287    -0.2    -0.2    -0.2    -0.3     1.1
94081 20200326  2.622 -103.30   45.52     6.3    -2.4     2.0     0.8     0.0    13.10 C    17.0    -3.8     3.4    96.0    64.2    86.3 -99.000 -99.000 -99.000 -99.000   0.288     0.2    -0.1    -0.2    -0.3     1.1
94081 20200327  2.622 -103.30   45.52    11.6    -3.5     4.0     4.0     0.3    20.08 C    23.3    -6.6     6.2    96.4    19.7    59.8 -99.000 -99.000 -99.000 -99.000   0.288     0.8     0.3    -0.1    -0.3     1.1
94081 20200328  2.622 -103.30   45.52    13.0    -8.1     2.4     3.8     0.0    19.42 C    24.1    -8.6     5.1    90.8    22.6    53.8 -99.000 -99.000 -99.000 -99.000   0.288     0.7     0.3    -0.1    -0.3     1.1
94081 20200329  2.622 -103.30   45.52    15.3    -6.2     4.5     6.1     0.0    16.97 C    31.0    -7.6     6.9    88.5    19.1    47.4 -99.000 -99.000 -99.000 -99.000   0.290     1.1     0.6    -0.1    -0.3     1.1
94081 20200330  2.622 -103.30   45.52    18.9     0.3     9.6    10.2     0.0    20.95 C    28.4    -4.3    10.7    78.3    12.4    40.8   0.338   0.356 -99.000 -99.000   0.290     2.1     1.2    -0.1    -0.3     1.1
94081 20200331  2.622 -103.30   45.52    17.3     0.5     8.9     7.7     0.0    19.52 C    29.3    -2.3     9.6    94.5    23.0    66.0   0.332   0.348 -99.000 -99.000   0.290     3.0     2.0    -0.1    -0.3     1.1
94081 20200401  2.622 -103.30   45.52     3.0    -9.0    -3.0    -2.9     0.0     6.94 C     3.2    -7.7    -1.0    96.3    64.6    81.3   0.323   0.341 -99.000 -99.000   0.289     1.2     1.1     0.1    -0.3     1.2
94081 20200402  2.622 -103.30   45.52    -9.0   -13.0   -11.0   -11.4     9.9    15.13 C    -7.7   -13.2   -10.7    85.0    65.4    77.0 -99.000 -99.000   0.337 -99.000   0.287    -0.1     0.1     0.1    -0.3     1.2
94081 20200403  2.622 -103.30   45.52    -4.5   -24.8   -14.6   -11.2     0.0    22.82 C    -2.1   -29.8   -12.6    85.4    54.9    72.1 -99.000 -99.000   0.336 -99.000   0.288    -0.2     0.0     0.1    -0.3     1.3
94081 20200404  2.622 -103.30   45.52    10.1   -12.4    -1.2    -0.5     0.0    22.33 C    16.5   -14.5    -1.0    87.0    26.2    61.9 -99.000 -99.000   0.339 -99.000   0.289    -0.2    -0.1     0.1    -0.2     1.3
94081 20200405  2.622 -103.30   45.52    13.2    -7.2     3.0     3.7     0.0    20.75 C    20.7    -8.5     4.0    91.8    37.9    63.8 -99.000 -99.000   0.351 -99.000   0.288     0.4     0.3     0.1    -0.2     1.3
94081 20200406  2.622 -103.30   45.52    20.2    -5.9     7.1     8.7     0.0    17.51 C    29.2    -6.3     9.1    94.3    24.3    57.7   0.323   0.346   0.353 -99.000   0.288     1.9     1.4     0.5    -0.2     1.3
94081 20200407  2.622 -103.30   45.52    19.0    -1.8     8.6     9.3     0.0    20.92 C    26.4    -3.8     9.3    91.0    21.3    51.3   0.329   0.341   0.340 -99.000   0.289     3.5     2.7     1.2    -0.2     1.3
94081 20200408  2.622 -103.30   45.52     7.8    -3.8     2.0     3.0     0.0    16.41 C    16.2    -4.8     4.0    71.9    25.9    46.2   0.323   0.337   0.331 -99.000   0.290     2.9     2.6     1.7    -0.1     1.4
94081 20200409  2.622 -103.30   45.52     4.8    -5.0    -0.1    -0.3     0.0    22.77 C    18.4    -6.3     2.7    65.3    19.2    42.2   0.316   0.328   0.326 -99.000   0.291     1.8     1.6     1.4     0.1     1.5
94081 20200410  2.622 -103.30   45.52    16.2    -5.2     5.5     6.2     0.0    17.06 C    27.9    -7.7     8.4    80.5    21.5    42.6   0.315   0.326   0.321   0.278   0.290     2.8     2.3     1.8     0.3     1.6
94081 20200411  2.622 -103.30   45.52     5.3    -4.8     0.2    -1.0     5.0     6.22 C     4.5    -5.8    -1.0    91.4    71.6    83.1   0.313   0.327   0.318   0.274   0.289     2.5     2.5     2.4     0.7     1.7
94081 20200412  2.622 -103.30   45.52    -3.5    -9.9    -6.7    -5.9     0.0    21.84 C    -0.7   -14.6    -6.7    85.6    48.7    66.5   0.310   0.320   0.315   0.271   0.292     1.1     1.3     1.8     0.9     1.8
94081 20200413  2.622 -103.30   45.52    -4.3   -12.1    -8.2    -7.8     0.5    22.30 C    -1.1   -15.9    -8.1    84.1    49.4    68.1   0.282   0.314   0.315   0.268   0.293     0.3     0.6     1.2     0.8     2.0
94081 20200414  2.622 -103.30   45.52     2.3   -13.6    -5.7    -5.0     0.0    20.10 C    10.5   -16.5    -4.2    84.9    39.0    63.3 -99.000 -99.000   0.312   0.265   0.291     0.1     0.3     0.8     0.7     2.0
94081 20200415  2.622 -103.30   45.52     4.3    -8.2    -2.0    -2.0     1.8    12.12 C     9.3   -10.5    -1.8    91.7    31.7    71.6 -99.000 -99.000   0.314   0.263   0.292     0.0     0.2     0.6     0.7     2.0
94081 20200416  2.622 -103.30   45.52     4.3   -10.9    -3.3    -3.3     0.0    18.04 C    15.3   -11.8    -1.8    85.9    29.6    59.7 -99.000 -99.000   0.315   0.262   0.292     0.1     0.2     0.6     0.6     2.0
94081 20200417  2.622 -103.30   45.52    13.3    -9.7     1.8     2.6     0.0    24.03 C    21.0   -11.5     3.3    85.7    18.2    49.5 -99.000 -99.000   0.317   0.262   0.292     0.5     0.3     0.6     0.6     2.0
94081 20200418  2.622 -103.30   45.52    11.9    -1.0     5.5     6.4     0.0    16.12 C    22.7    -5.5     6.4    82.0    37.4    53.9   0.309   0.325   0.317   0.262   0.293     1.5     1.2     0.9     0.6     1.9
94081 20200419  2.622 -103.30   45.52    10.8    -1.1     4.9     3.6     0.0    14.14 C    23.5    -3.7     5.3    84.5    36.8    63.2   0.315   0.327   0.319   0.263   0.293     2.5     2.3     1.7     0.8     1.9
94081 20200420  2.622 -103.30   45.52    16.6    -3.4     6.6     8.6     0.0    17.91 C    24.1    -5.6     8.4    87.1    22.8    48.2   0.315   0.327   0.317   0.211   0.293     3.7     3.3     2.5     1.1     2.0
94081 20200421  2.622 -103.30   45.52    22.3    -3.8     9.3    12.1     0.0    24.48 C    33.0    -6.0    12.6    87.5    18.2    43.1   0.314   0.319   0.318   0.225   0.294     5.4     4.7     3.5     1.6     2.1
94081 20200422  2.622 -103.30   45.52    22.2    -0.6    10.8    11.7     0.0    24.24 C    32.9    -2.7    12.3    85.4    17.1    46.5   0.312   0.301   0.318   0.233   0.295     6.7     6.0     4.7     2.3     2.3
94081 20200423  2.622 -103.30   45.52    14.8    -0.8     7.0     8.2     2.3    11.81 C    24.9    -2.7     8.4    89.9    41.6    68.2   0.311   0.286   0.317   0.235   0.295     6.5     6.2     5.3     3.1     2.5
94081 20200424  2.622 -103.30   45.52    16.0    -2.3     6.8     6.4     3.3    15.57 C    28.4    -3.5     7.8    96.0    28.4    75.5   0.312   0.285   0.316   0.236   0.296     6.5     6.2     5.5     3.6     2.7
94081 20200425  2.622 -103.30   45.52    16.3     0.2     8.2     8.6     0.0    23.79 C    29.0    -1.1     9.6    91.5    22.8    53.8   0.315   0.294   0.317   0.238   0.296     6.8     6.4     5.7     3.9     3.1
94081 20200426  2.622 -103.30   45.52    21.1     0.2    10.7    12.5     0.0    21.25 C    30.2    -1.9    13.0    87.2    22.9    40.6   0.314   0.277   0.318   0.238   0.298     7.9     7.4     6.3     4.2     3.3
94081 20200427  2.622 -103.30   45.52    23.8    -0.8    11.5    12.0     1.5    20.08 C    36.6    -2.2    13.7    94.2    22.3    56.9   0.312   0.298   0.318   0.239   0.297     8.6     8.0     6.9     4.7     3.6
94081 20200428  2.622 -103.30   45.52    16.9     1.8     9.4    10.5     0.0    19.61 C    22.8    -1.2    10.4    91.5    19.3    54.1   0.309   0.295   0.317   0.240   0.299     8.5     8.2     7.5     5.2     3.8
94081 20200429  2.622 -103.30   45.52    20.5    -4.0     8.2    10.0     0.0    25.97 C    34.9    -5.4    13.4    94.1    18.1    50.1   0.307   0.301   0.315   0.240   0.298     8.7     8.2     7.4     5.5     4.1
94081 20200430  2.622 -103.30   45.52    27.3     9.4    18.4    18.1     0.0    24.51 C    37.9     7.0    19.8    71.8    19.8    37.1   0.306   0.293   0.314   0.240   0.299    10.8     9.9     8.3     5.8     4.3
94081 20200501  2.622 -103.30   45.52    18.5     3.2    10.9    13.2     0.0    20.58 C    27.5     1.1    13.7    94.2    35.7    61.3   0.303   0.292   0.315   0.241   0.300    11.4    10.9     9.5     6.4     4.6
94081 20200502  2.622 -103.30   45.52    20.5    -1.1     9.7    11.1     0.0    24.54 C    38.1    -2.7    13.7    90.3    23.7    54.1   0.298   0.291   0.312   0.241   0.302    10.7    10.2     9.4     7.0     4.9
94081 20200503  2.622 -103.30   45.52    23.3    -0.4    11.4    12.7     1.6    21.69 C    32.5    -0.9    14.6    94.2    30.4    64.1   0.294   0.287   0.310   0.241   0.301    11.0    10.5     9.6     7.3     5.2
94081 20200504  2.622 -103.30   45.52    15.5     0.0     7.8     9.3     0.8    18.36 C    23.9    -2.7     9.8    93.7    26.7    61.5   0.290   0.284   0.309   0.240   0.303    10.6    10.4     9.8     7.5     5.5
94081 20200505  2.622 -103.30   45.52    15.8    -4.6     5.6     5.7     2.1    18.55 C    29.8    -6.2     6.7    94.0    24.8    66.3   0.284   0.297   0.305   0.239   0.303     8.5     8.7     8.9     7.7     5.8
94081 20200506  2.622 -103.30   45.52    17.3    -4.8     6.3     8.8     0.0    24.50 C    29.2    -5.4    11.5    94.4    27.7    56.3   0.283   0.294   0.302   0.238   0.304     8.9     8.6     8.4     7.4     6.0
94081 20200507  2.622 -103.30   45.52    10.0    -0.7     4.7     5.8    29.6     4.55 C    11.2    -1.2     6.1    94.5    52.0    83.8   0.325   0.326   0.327   0.238   0.304     8.3     8.5     8.6     7.4     6.1
94081 20200508  2.622 -103.30   45.52    16.0    -3.2     6.4     7.4     0.0    23.00 C    31.3    -3.9    10.3    95.2    30.3    67.1   0.341   0.345   0.350   0.246   0.303     8.5     8.2     8.0     7.2     6.2
94081 20200509  2.622 -103.30   45.52     7.5     1.2     4.3     4.1     0.0     9.55 C    13.1    -1.3     5.4    89.8    51.0    69.5   0.330   0.338   0.342   0.255   0.303     7.5     7.8     8.1     7.3     6.3
94081 20200510  2.622 -103.30   45.52     6.8    -3.7     1.5     2.8     0.0    19.06 C    26.2    -7.0     6.4    93.8    37.5    60.5   0.325   0.334   0.335   0.257   0.305     7.3     7.3     7.5     7.1     6.4
94081 20200511  2.622 -103.30   45.52     8.7    -7.7     0.5     2.7     0.0    19.03 C    22.2    -8.8     5.4    87.8    33.4    56.2   0.319   0.330   0.330   0.256   0.304     6.4     6.5     7.0     6.8     6.4
94081 20200512  2.622 -103.30   45.52     5.9     2.4     4.2     4.0     0.2     4.63 C     7.3     2.3     5.0    89.8    61.3    77.7   0.315   0.327   0.327   0.254   0.304     5.9     6.2     6.7     6.6     6.4
94081 20200513  2.622 -103.30   45.52    16.7     4.8    10.7     9.6     1.9    15.35 C    30.3     3.4    12.3    93.1    44.3    77.0   0.316   0.323   0.325   0.253   0.304     7.8     7.3     6.8     6.3     6.4
94081 20200514  2.622 -103.30   45.52    17.3     0.2     8.8    10.2     0.0    21.16 C    28.3     0.4    11.0    94.3    33.2    63.5   0.315   0.314   0.324   0.252   0.305     8.9     8.5     7.8     6.5     6.3
94081 20200515  2.622 -103.30   45.52    17.2    -0.7     8.3     9.7     0.0    21.36 C    28.3    -1.5    11.5    94.4    38.8    71.5   0.310   0.306   0.322   0.251   0.307     9.2     8.8     8.2     6.9     6.3
94081 20200516  2.622 -103.30   45.52    14.3     2.9     8.6     9.2     2.4    14.39 C    25.3     0.8    10.4    92.1    44.4    76.4   0.309   0.296   0.320   0.249   0.307     9.8     9.4     8.7     7.2     6.4
94081 20200517  2.622 -103.30   45.52    19.9     0.5    10.2    11.9     0.0    25.94 C    29.4    -1.5    13.5    91.4    36.0    60.4   0.306   0.298   0.318   0.249   0.305     9.9     9.5     8.8     7.4     6.6
94081 20200518  2.622 -103.30   45.52    20.7    10.7    15.7    15.5     0.0    19.68 C    25.1    10.0    16.3    71.0    44.5    58.8   0.302   0.289   0.316   0.248   0.305    11.2    10.6     9.6     7.7     6.7
94081 20200519  2.622 -103.30   45.52    28.6    12.5    20.6    20.3     0.0    27.48 C    36.5    11.3    22.4    76.6    40.0    59.8   0.296   0.285   0.314   0.248   0.307    13.6    12.4    10.7     8.2     6.9
94081 20200520  2.622 -103.30   45.52    26.8    14.2    20.5    20.0     0.4    23.54 C    33.5    13.0    21.1    78.1    44.0    61.2   0.289   0.280   0.312   0.248   0.308    15.0    14.0    12.1     8.9     7.0
94081 20200521  2.622 -103.30   45.52    24.8     4.8    14.8    16.8     0.0    28.44 C    32.6     3.7    17.5    89.3    19.7    47.5   0.277   0.274   0.307   0.248   0.308    14.5    13.9    12.6     9.6     7.3
94081 20200522  2.622 -103.30   45.52    27.2     2.3    14.7    17.7     0.0    28.40 C    39.0     0.9    20.1    92.9    17.1    47.5   0.263   0.263   0.301   0.246   0.311    14.3    13.6    12.5    10.1     7.7
94081 20200523  2.622 -103.30   45.52    19.8     9.7    14.7    14.8     7.1    10.12 C    28.1     9.2    15.2    93.4    45.4    77.1   0.255   0.257   0.298   0.245   0.309    14.4    14.0    13.0    10.4     8.0
94081 20200524  2.622 -103.30   45.52    11.0     4.6     7.8     9.3     0.2     4.85 C    13.2     2.3    10.3    95.4    73.7    86.8   0.254   0.254   0.296   0.245   0.311    12.3    12.4    12.4    10.6     8.3
94081 20200525  2.622 -103.30   45.52    17.2     4.1    10.7    10.9     0.0    15.50 C    31.2     3.3    13.2    95.0    43.5    71.2   0.253   0.255   0.293   0.244   0.312    11.9    11.8    11.6    10.4     8.5
94081 20200526  2.622 -103.30   45.52    23.8     2.7    13.3    14.2     0.0    24.65 C    36.1     2.0    15.6    92.7    31.2    62.6   0.248   0.248   0.289   0.243   0.312    12.5    12.1    11.6    10.3     8.7
94081 20200527  2.622 -103.30   45.52    19.1     5.1    12.1    12.9     1.2     6.05 C    21.3     4.2    12.3    95.0    53.0    80.1   0.243   0.239   0.286   0.243   0.312    12.3    12.2    11.8    10.4     8.8
94081 20200528  2.622 -103.30   45.52    20.5     2.4    11.4    13.2     0.0    27.65 C    32.1     1.1    15.5    94.0    25.0    55.9   0.239   0.235   0.284   0.241   0.315    12.9    12.4    11.8    10.4     8.9
94081 20200529  2.622 -103.30   45.52    21.1     0.7    10.9    13.4     0.0    26.03 C    34.7     0.5    16.7    92.7    39.3    59.3   0.229   0.229   0.279   0.240   0.316    13.0    12.5    11.9    10.5     9.0
94081 20200530  2.622 -103.30   45.52    21.1     9.4    15.3    15.6     0.0    22.83 C    33.1     7.8    18.1    78.1    44.9    61.3   0.220   0.218   0.274   0.239   0.316    14.2    13.5    12.6    10.6     9.1
94081 20200531  2.622 -103.30   45.52    26.0    13.6    19.8    20.1     0.0    25.54 C    35.4    13.3    22.2    81.6    53.6    66.5   0.212   0.210   0.268   0.236   0.315    15.6    14.7    13.2    10.9     9.2
94081 20200601  2.622 -103.30   45.52    28.0    10.2    19.1    19.9     0.0    28.19 C    41.6     9.3    22.8    95.3    30.7    60.0   0.203   0.203   0.261   0.235   0.315    16.8    15.8    14.2    11.4     9.4
94081 20200602  2.622 -103.30   45.52    24.7     7.2    16.0    18.3     0.0    26.76 C    38.0     5.9    21.2    87.3    34.7    56.5   0.194   0.195   0.252   0.234   0.316    17.2    16.4    14.8    11.9     9.6
94081 20200603  2.622 -103.30   45.52    26.9     6.4    16.6    18.0     3.2    26.35 C    37.7     5.4    19.4    88.4    24.9    57.3   0.186   0.186   0.242   0.232   0.318    16.4    15.8    14.8    12.3     9.8
94081 20200604  2.622 -103.30   45.52    24.9     9.1    17.0    17.2     4.5    21.13 C    39.0     8.2    18.6    91.4    45.7    67.8   0.183   0.180   0.235   0.230   0.317    16.6    16.0    15.0    12.5    10.1
94081 20200605  2.622 -103.30   45.52    25.4     4.9    15.2    17.5     0.0    27.23 C    36.2     4.9    20.2    93.3    34.7    61.5   0.184   0.176   0.229   0.229   0.318    16.5    15.9    14.9    12.7    10.3
94081 20200606  2.622 -103.30   45.52    24.3    15.0    19.6    18.4     5.5    12.08 C    31.7    14.0    19.3    90.7    56.0    66.9   0.182   0.173   0.224   0.227   0.319    16.6    16.1    15.3    12.9    10.5
94081 20200607  2.622 -103.30   45.52    29.2    11.7    20.5    19.8     0.2    23.66 C    40.7    10.6    21.3    83.1    22.7    57.1   0.182   0.172   0.219   0.225   0.320    17.2    16.5    15.4    13.1    10.7
94081 20200608  2.622 -103.30   45.52    21.8    11.7    16.7    16.3     0.0    26.55 C    35.9    10.0    19.8    88.9    37.8    63.5   0.181   0.170   0.215   0.224   0.319    17.2    16.7    15.7    13.3    10.9
94081 20200609  2.622 -103.30   45.52    17.9     3.6    10.8    12.2     0.0    22.37 C    31.8     2.8    14.5    89.8    38.7    61.8   0.177   0.167   0.210   0.222   0.320    15.7    15.6    15.3    13.5    11.1
94081 20200610  2.622 -103.30   45.52    21.1     0.1    10.6    12.6     0.0    21.40 C    30.3     0.1    13.7    94.1    29.9    56.9   0.173   0.161   0.202   0.219   0.321    14.1    14.1    14.4    13.3    11.3
94081 20200611  2.622 -103.30   45.52    27.7     2.6    15.2    17.3     0.0    30.02 C    42.6     1.5    20.3    91.5    21.6    51.8   0.172   0.160   0.196   0.216   0.321    15.5    14.8    14.2    13.0    11.4
94081 20200612  2.622 -103.30   45.52    30.9    10.1    20.5    22.4     0.0    28.74 C    44.6     7.3    24.9    77.7    21.8    47.6   0.172   0.159   0.192   0.213   0.319    17.8    16.8    15.2    13.1    11.5
94081 20200613  2.622 -103.30   45.52    34.0    15.1    24.5    25.4     0.0    28.21 C    41.4    14.0    27.0    79.9    15.9    42.5   0.171   0.158   0.187   0.209   0.319    19.2    18.1    16.3    13.5    11.5
94081 20200614  2.622 -103.30   45.52    34.4    12.7    23.5    23.7     0.0    24.31 C    46.9    10.3    26.7    86.1     7.1    51.6   0.170   0.157   0.183   0.206   0.318    20.6    19.3    17.2    14.0    11.6
94081 20200615  2.622 -103.30   45.52    24.9     9.4    17.2    18.5     0.0    24.89 C    41.6     6.9    22.1    91.6    25.9    49.3   0.166   0.154   0.179   0.204   0.319    19.3    18.6    17.4    14.5    11.9
94081 20200616  2.622 -103.30   45.52    35.4    13.7    24.5    23.0     0.0    19.26 C    42.5    12.9    24.6    85.7    14.7    55.3   0.166   0.154   0.176   0.201   0.320    19.9    19.0    17.6    14.7    12.1
94081 20200617  2.622 -103.30   45.52    26.0     7.4    16.7    17.2     0.0    27.58 C    44.1     6.9    22.2    94.0    32.7    60.2   0.164   0.152   0.174   0.198   0.318    19.7    18.9    17.7    15.0    12.3
94081 20200618  2.622 -103.30   45.52    20.7     3.7    12.2    13.7     0.0    19.18 C    34.5     1.7    16.5    94.2    37.4    64.9   0.160   0.149   0.172   0.195   0.319    18.1    17.8    17.4    15.1    12.5
94081 20200619  2.622 -103.30   45.52    23.5     1.5    12.5    14.4     0.3    25.88 C    43.6     0.5    18.9    96.1    32.9    63.5   0.158   0.146   0.169   0.193   0.319    17.4    16.9    16.6    15.0    12.7
94081 20200620  2.622 -103.30   45.52    27.3     8.2    17.8    17.7     2.2    26.34 C    42.2     7.6    21.1    90.5    21.8    57.9   0.159   0.147   0.168   0.189   0.319    18.4    17.7    16.8    14.9    12.8
94081 20200621  2.622 -103.30   45.52    24.1    10.7    17.4    17.4     0.2    15.97 C    34.7    10.0    19.0    93.4    38.2    70.0   0.158   0.147   0.168   0.187   0.318    18.1    17.7    17.0    14.9    12.9
94081 20200622  2.622 -103.30   45.52    25.2     6.4    15.8    16.0     0.3    23.82 C    41.6     4.7    19.2    95.8    32.0    66.2   0.156   0.146   0.167   0.185   0.318    17.8    17.4    16.8    15.0    13.0
94081 20200623  2.622 -103.30   45.52    27.8     2.8    15.3    17.7     0.0    26.48 C    45.3     2.6    21.9    93.3    26.9    53.4   0.156   0.145   0.166   0.182   0.317    18.0    17.5    16.7    15.0    13.1
94081 20200624  2.622 -103.30   45.52    33.2    10.7    21.9    23.9     0.0    27.48 C    49.9     8.6    27.1    79.8    18.2    43.0   0.159   0.147   0.166   0.180   0.315    20.0    19.0    17.4    15.0    13.1
94081 20200625  2.622 -103.30   45.52    29.6    14.8    22.2    23.0     2.1    25.40 C    44.4    11.7    25.6    89.1    30.0    54.9   0.160   0.148   0.166   0.178   0.314    21.2    20.2    18.5    15.5    13.2
94081 20200626  2.622 -103.30   45.52    29.9     9.1    19.5    21.3     0.0    30.24 C    46.8     8.2    25.4    94.2    18.3    49.9   0.159   0.147   0.165   0.176   0.313    20.9    20.1    18.7    15.8    13.4
94081 20200627  2.622 -103.30   45.52    35.5    13.7    24.6    26.2     0.0    27.70 C    51.0    12.3    29.3    81.7    14.9    39.8   0.159   0.148   0.166   0.174   0.312    22.1    21.0    19.2    16.1    13.5
94081 20200628  2.622 -103.30   45.52    29.4    13.9    21.7    21.2     0.4    20.11 C    48.4    12.9    24.7    91.4    37.9    65.3   0.159   0.148   0.165   0.172   0.312    22.3    21.4    19.8    16.6    13.7
94081 20200629  2.622 -103.30   45.52    35.7    14.9    25.3    25.4     0.0    25.27 C    50.0    13.9    29.2    91.0    18.6    56.1   0.159   0.148   0.165   0.171   0.311    22.8    21.7    20.0    16.8    13.9
94081 20200630  2.622 -103.30   45.52    21.9     7.6    14.7    16.7     4.2     9.23 C    27.0     8.0    17.2    93.8    47.4    77.0   0.154   0.146   0.164   0.170   0.310    20.8    20.7    20.1    17.2    14.1
94081 20200701  2.622 -103.30   45.52    30.7     7.0    18.8    20.5     0.0    28.77 C    45.8     6.2    23.6    94.0    11.8    45.3   0.152   0.142   0.162   0.168   0.312    19.7    19.3    18.9    17.1    14.4
94081 20200702  2.622 -103.30   45.52    34.0    17.1    25.5    25.1     0.0    18.70 C    50.1    14.9    26.2    65.3    27.9    41.4   0.154   0.143   0.162   0.166   0.311    21.0    20.3    19.2    17.0    14.5
94081 20200703  2.622 -103.30   45.52    34.1    18.1    26.1    25.6     0.0    26.67 C    50.7    17.1    29.5    73.3    27.0    50.4   0.156   0.145   0.162   0.165   0.311    22.3    21.2    19.7    17.1    14.6
94081 20200704  2.622 -103.30   45.52    32.4    16.9    24.6    24.7     0.4    27.07 C    49.9    16.1    29.1    90.2    32.1    56.0   0.158   0.146   0.162   0.164   0.309    23.7    22.5    20.6    17.4    14.6
94081 20200705  2.622 -103.30   45.52    30.3    16.9    23.6    22.2     4.5    20.95 C    46.7    16.1    25.4    87.7    37.9    65.7   0.157   0.146   0.163   0.163   0.310    23.2    22.5    21.0    17.8    14.8
94081 20200706  2.622 -103.30   45.52    28.3    13.2    20.8    20.4     9.5    22.64 C    43.7    12.5    23.0    93.1    34.8    66.9   0.156   0.145   0.162   0.164   0.308    22.2    21.7    20.7    18.1    15.0
94081 20200707  2.622 -103.30   45.52    30.4    13.6    22.0    22.1     0.0    25.91 C    41.1    13.1    24.4    94.4    40.9    68.6   0.158   0.146   0.163   0.162   0.305    22.1    21.5    20.6    18.2    15.2
94081 20200708  2.622 -103.30   45.52    28.6     9.7    19.1    19.7     0.0    28.29 C    43.8     8.4    23.6    95.5    26.6    59.6   0.159   0.146   0.163   0.161   0.306    21.9    21.4    20.5    18.2    15.3
94081 20200709  2.622 -103.30   45.52    29.4     8.7    19.0    20.5     0.0    29.07 C    45.5     7.6    24.3    91.1    24.3    50.7   0.159   0.145   0.162   0.160   0.305    21.5    21.0    20.3    18.3    15.4
94081 20200710  2.622 -103.30   45.52    29.8    12.2    21.0    21.6     2.2    21.91 C    43.8    10.3    23.1    87.6    34.1    61.7   0.159   0.145   0.162   0.159   0.304    22.0    21.4    20.5    18.2    15.5
94081 20200711  2.622 -103.30   45.52    28.9     7.7    18.3    19.6     0.0    29.23 C    44.6     6.7    22.4    93.7    21.6    54.2   0.157   0.145   0.162   0.158   0.304    21.1    20.7    20.2    18.2    15.6
94081 20200712  2.622 -103.30   45.52    34.0    11.4    22.7    24.7     0.0    28.74 C    46.7     9.1    27.3    81.3    29.0    51.1   0.157   0.145   0.161   0.157   0.304    22.0    21.2    20.2    18.2    15.7
94081 20200713  2.622 -103.30   45.52    30.2    13.3    21.7    21.2     1.9    21.16 C    44.5    13.7    24.0    90.6    19.4    49.7   0.157   0.145   0.161   0.156   0.303    22.3    21.8    20.8    18.3    15.8
94081 20200714  2.622 -103.30   45.52    25.9    10.6    18.3    17.0     3.8    22.16 C    43.4     9.2    20.2    93.0    27.7    65.7   0.154   0.144   0.161   0.155   0.300    21.0    20.7    20.3    18.4    15.9
94081 20200715  2.622 -103.30   45.52    30.8     8.3    19.5    20.1     0.0    26.62 C    45.3     7.0    22.1    90.2    13.5    48.5   0.153   0.143   0.159   0.155   0.298    20.3    19.9    19.7    18.3    15.9
94081 20200716  2.622 -103.30   45.52    31.9     6.8    19.4    21.8     0.0    28.68 C    47.7     5.7    25.4    89.9    17.1    43.5   0.154   0.143   0.159   0.153   0.298    20.9    20.4    19.7    18.1    16.0
94081 20200717  2.622 -103.30   45.52    37.5    16.7    27.1    27.4     0.0    27.55 C    52.1    14.4    30.1    85.5    14.8    43.1   0.157   0.145   0.160   0.152   0.298    23.2    22.1    20.5    18.1    16.0
94081 20200718  2.622 -103.30   45.52    29.4     9.4    19.4    21.9     0.0    26.17 C    44.4     8.2    24.8    82.8    22.4    47.5   0.156   0.145   0.160   0.152   0.295    23.1    22.3    21.1    18.5    16.1
94081 20200719  2.622 -103.30   45.52    27.8     7.5    17.6    18.7     0.6    15.97 C    45.9     6.5    19.9    87.7    23.0    56.4   0.152   0.142   0.159   0.151   0.296    21.0    20.8    20.5    18.6    16.1
94081 20200720  2.622 -103.30   45.52    26.0     9.6    17.8    18.0     0.0    21.03 C    45.1     8.4    21.4    93.4    41.6    67.1   0.151   0.141   0.158   0.151   0.296    20.9    20.5    20.0    18.5    16.2
94081 20200721  2.622 -103.30   45.52    30.0     6.3    18.1    20.3     0.0    25.91 C    48.0     5.6    24.5    95.7    19.0    52.9   0.151   0.142   0.157   0.150   0.292    21.4    20.8    20.0    18.4    16.2
94081 20200722  2.622 -103.30   45.52    35.6    17.0    26.3    26.5     0.0    27.35 C    49.0    14.8    30.0    76.8    22.8    49.9   0.154   0.143   0.158   0.148   0.289    23.5    22.4    20.7    18.4    16.3
94081 20200723  2.622 -103.30   45.52    34.3    18.0    26.2    26.4     1.0    17.72 C    48.7    14.7    27.2    82.2    39.0    62.1   0.155   0.145   0.159   0.149   0.290    24.5    23.6    21.8    18.8    16.4
94081 20200724  2.622 -103.30   45.52    29.5    13.8    21.6    21.4     1.6    13.07 C    38.2    12.3    21.4    91.8    32.8    66.9   0.150   0.143   0.159   0.149   0.287    22.5    22.3    21.7    19.2    16.5
94081 20200725  2.622 -103.30   45.52    33.9    12.8    23.4    24.2     0.0    24.43 C    51.0    11.8    26.6    91.5    27.2    52.5   0.150   0.142   0.158   0.148   0.287    22.5    21.9    21.1    19.2    16.7
94081 20200726  2.622 -103.30   45.52    30.5    13.6    22.0    21.7     0.7    25.21 C    49.1    12.5    25.7    86.3    22.4    47.4   0.150   0.142   0.158   0.149   0.284    23.2    22.5    21.4    19.2    16.7
94081 20200727  2.622 -103.30   45.52    33.7    11.1    22.4    22.8     0.0    27.53 C    50.8     9.5    26.3    80.8    11.4    41.2   0.150   0.142   0.157   0.147   0.284    23.3    22.6    21.5    19.3    16.8
94081 20200728  2.622 -103.30   45.52    32.7    10.2    21.5    23.6     0.0    23.91 C    49.1     9.7    26.7    84.2    26.3    49.3   0.150   0.142   0.157   0.146   0.284    23.5    22.8    21.7    19.4    16.9
94081 20200729  2.622 -103.30   45.52    28.8    16.9    22.8    21.6     0.0    11.37 C    43.6    15.7    23.6    84.7    37.9    63.8   0.148   0.142   0.157   0.146   0.282    23.2    22.8    21.9    19.6    17.0
94081 20200730  2.622 -103.30   45.52    32.5    12.3    22.4    22.4    14.8    23.06 C    52.0    11.8    26.2    94.1    26.3    60.8   0.148   0.143   0.156   0.147   0.280    23.2    22.6    21.7    19.6    17.1
94081 20200731  2.622 -103.30   45.52    33.0    11.2    22.1    20.9     3.9    21.53 C    45.5    11.2    22.7    94.3    27.8    67.0   0.149   0.153   0.156   0.147   0.281    22.5    22.2    21.6    19.6    17.2
94081 20200801  2.622 -103.30   45.52    27.5    13.1    20.3    20.1     0.0    23.84 C    42.2    12.1    22.9    95.1    29.1    62.6   0.153   0.154   0.156   0.146   0.282    22.3    22.0    21.4    19.6    17.3
94081 20200802  2.622 -103.30   45.52    26.8     9.6    18.2    19.8     0.0    26.63 C    42.4     8.8    23.1    87.3    28.2    49.0   0.156   0.155   0.156   0.145   0.281    21.7    21.5    21.2    19.6    17.3
94081 20200803  2.622 -103.30   45.52    28.6    12.5    20.5    21.2     0.0    24.69 C    41.7    11.1    23.9    70.7    32.1    48.9   0.157   0.154   0.156   0.145   0.283    21.6    21.3    20.9    19.5    17.3
94081 20200804  2.622 -103.30   45.52    29.1    14.5    21.8    19.8     0.6    18.49 C    41.5    13.1    22.6    89.9    32.5    64.3   0.158   0.153   0.156   0.144   0.281    21.8    21.4    20.9    19.4    17.4
94081 20200805  2.622 -103.30   45.52    29.1     9.7    19.4    20.3     0.0    26.54 C    45.7     8.6    23.8    95.4    21.5    54.3   0.158   0.154   0.156   0.144   0.281    22.0    21.6    21.0    19.3    17.4
94081 20200806  2.622 -103.30   45.52    33.5    13.6    23.6    24.2     8.6    24.51 C    45.9    10.8    26.8    89.1    30.1    54.9   0.157   0.152   0.156   0.145   0.277    22.7    22.0    21.1    19.4    17.4
94081 20200807  2.622 -103.30   45.52    35.6    15.6    25.6    24.8     0.0    25.17 C    45.5    14.6    26.4    83.9    20.0    50.6   0.158   0.153   0.157   0.145   0.276    23.1    22.5    21.5    19.5    17.4
94081 20200808  2.622 -103.30   45.52    31.8    13.9    22.9    23.2     5.4    23.97 C    42.3    13.9    25.3    84.3    27.9    51.4   0.159   0.153   0.158   0.145   0.279    22.9    22.5    21.7    19.7    17.4
94081 20200809  2.622 -103.30   45.52    27.1    12.3    19.7    20.6     0.0    25.57 C    39.6    12.1    22.7    89.6    20.4    45.9   0.158   0.152   0.158   0.145   0.279    22.1    21.9    21.6    19.8    17.5
94081 20200810  2.622 -103.30   45.52    29.1     9.3    19.2    20.6     0.7    24.58 C    44.0     9.1    23.8    85.8    23.4    45.8   0.158   0.152   0.157   0.145   0.278    21.8    21.4    21.1    19.7    17.5
94081 20200811  2.622 -103.30   45.52    32.9    11.9    22.4    23.1     0.0    24.63 C    47.1    11.3    26.4    87.5    21.9    52.1   0.158   0.152   0.157   0.145   0.276    22.6    22.0    21.2    19.6    17.6
94081 20200812  2.622 -103.30   45.52    35.5    17.0    26.3    26.2     0.0    24.81 C    49.5    13.6    28.8    73.9    16.4    44.2   0.157   0.151   0.158   0.145   0.275    23.6    22.9    21.7    19.7    17.6
94081 20200813  2.622 -103.30   45.52    32.1    15.1    23.6    24.6     0.0    23.92 C    47.8    12.3    27.3    67.2    21.2    37.8   0.156   0.150   0.158   0.145   0.276    23.9    23.2    22.2    19.9    17.6
94081 20200814  2.622 -103.30   45.52    27.6     7.3    17.4    18.5     0.7    25.15 C    42.6     5.4    21.1    87.9    14.0    48.9   0.153   0.147   0.157   0.145   0.274    22.7    22.5    21.9    20.1    17.8
94081 20200815  2.622 -103.30   45.52    32.0     6.2    19.1    20.0     0.0    23.84 C    48.0     4.8    22.5    78.1    11.0    36.9   0.150   0.146   0.155   0.144   0.271    21.6    21.3    21.1    19.9    17.8
94081 20200816  2.622 -103.30   45.52    32.3     7.6    20.0    21.6     0.0    24.98 C    48.5     6.6    24.2    78.8    13.8    36.6   0.150   0.144   0.154   0.143   0.271    22.2    21.7    21.1    19.7    17.9
94081 20200817  2.622 -103.30   45.52    36.5     9.2    22.9    25.6     0.0    22.53 C    50.2     8.1    27.0    79.2    14.9    34.1   0.149   0.143   0.154   0.142   0.270    22.7    22.0    21.2    19.6    17.8
94081 20200818  2.622 -103.30   45.52    37.8    10.5    24.1    26.7     0.0    22.55 C    52.4     9.9    28.7    79.6    10.4    31.8   0.150   0.142   0.154   0.142   0.269    24.0    23.1    21.8    19.7    17.8
94081 20200819  2.622 -103.30   45.52    37.2    14.6    25.9    26.5     0.0    23.14 C    51.8    12.2    28.3    59.5    11.5    31.5   0.149   0.143   0.154   0.142   0.271    24.5    23.7    22.4    19.9    17.9
94081 20200820  2.622 -103.30   45.52    35.3    13.3    24.3    24.7     0.0    18.18 C    52.4    11.7    25.7    69.5    13.5    36.7   0.147   0.142   0.154   0.142   0.268    23.9    23.4    22.5    20.2    17.9
94081 20200821  2.622 -103.30   45.52    31.9    13.7    22.8    23.1     0.7    20.28 C    45.0    11.8    25.0    80.7    25.2    52.4   0.145   0.141   0.153   0.141   0.267    23.7    23.2    22.4    20.4    18.0
94081 20200822  2.622 -103.30   45.52    35.5    10.2    22.8    24.4     0.0    20.64 C    47.5     8.9    26.5    88.5    14.2    43.8   0.143   0.140   0.153   0.140   0.265    23.5    23.0    22.2    20.4    18.2
94081 20200823  2.622 -103.30   45.52    33.1    13.4    23.2    23.8     0.0    18.72 C    46.8    11.2    25.4    71.3    28.1    42.8   0.143   0.140   0.153   0.141   0.266    24.0    23.4    22.4    20.4    18.2
94081 20200824  2.622 -103.30   45.52    32.1    10.0    21.0    21.9     0.0    19.34 C    45.8     9.5    24.8    94.3    29.1    62.2   0.142   0.140   0.153   0.140   0.266    23.5    23.0    22.3    20.4    18.3
94081 20200825  2.622 -103.30   45.52    37.5    15.4    26.4    25.7     0.0    19.88 C    49.8    13.8    27.9    94.8    15.6    54.7   0.142   0.140   0.153   0.140   0.264    24.7    23.9    22.6    20.4    18.4
94081 20200826  2.622 -103.30   45.52    32.5    15.5    24.0    24.1     1.5    20.17 C    44.9    13.9    26.2    78.7    26.5    53.1   0.141   0.139   0.152   0.140   0.263    24.2    23.7    22.8    20.7    18.5
94081 20200827  2.622 -103.30   45.52    31.4    17.2    24.3    23.2     0.9    16.89 C    45.0    14.9    24.8    91.3    28.6    61.1   0.140   0.139   0.152   0.140   0.262    23.8    23.4    22.7    20.8    18.5
94081 20200828  2.622 -103.30   45.52    24.7     6.1    15.4    16.9     0.0    21.41 C    39.8     5.0    19.7    92.1    17.5    54.2   0.138   0.139   0.152   0.141   0.261    22.5    22.4    22.2    20.7    18.6
94081 20200829  2.622 -103.30   45.52    31.6     3.8    17.7    20.5     0.0    21.68 C    43.7     3.0    22.3    86.3    17.5    42.4   0.136   0.138   0.149   0.139   0.261    21.1    21.1    21.2    20.4    18.6
94081 20200830  2.622 -103.30   45.52    24.2     4.6    14.4    16.6     0.0    16.21 C    36.3     3.2    18.0    80.0    26.8    51.6   0.136   0.137   0.149   0.138   0.260    21.4    21.4    21.2    20.1    18.6
94081 20200831  2.622 -103.30   45.52    22.1     0.1    11.1    13.2     0.0    13.42 C    36.2    -0.6    15.6    91.5    14.7    44.1   0.131   0.135   0.147   0.137   0.260    18.7    19.0    19.9    19.8    18.6
94081 20200901  2.622 -103.30   45.52    27.0     4.6    15.8    16.8     0.0    20.96 C    38.8     1.9    18.4    73.7    16.8    37.6   0.132   0.135   0.146   0.136   0.259    19.1    19.0    19.4    19.2    18.5
94081 20200902  2.622 -103.30   45.52    34.1     7.4    20.8    21.0     0.0    20.50 C    44.6     5.2    22.5    71.3     8.6    35.6   0.132   0.135   0.145   0.136   0.257    19.9    19.6    19.4    18.9    18.3
94081 20200903  2.622 -103.30   45.52    25.1     6.5    15.8    15.2     0.0    20.00 C    40.2     5.1    17.8    68.2    17.0    40.5   0.131   0.135   0.145   0.135   0.257    19.7    19.7    19.5    18.7    18.1
94081 20200904  2.622 -103.30   45.52    30.3     2.7    16.5    18.4     0.0    19.56 C    45.1     2.2    20.2    78.1    14.0    37.2   0.130   0.134   0.144   0.134   0.255    19.3    19.2    19.2    18.6    18.0
94081 20200905  2.622 -103.30   45.52    34.2    12.0    23.1    23.4     0.0    17.66 C    46.7     7.9    24.2    77.4    15.3    34.1   0.131   0.135   0.144   0.134   0.256    20.8    20.2    19.5    18.5    17.9
94081 20200906  2.622 -103.30   45.52    26.9     7.0    16.9    17.9     0.0    19.62 C    40.7     5.8    20.7    87.5    22.2    48.8   0.130   0.134   0.145   0.135   0.253    20.6    20.3    19.8    18.6    17.8
94081 20200907  2.622 -103.30   45.52    13.2     4.1     8.7     6.8     9.7     2.71 C    13.4     4.9     8.2    92.8    53.7    84.2   0.125   0.132   0.144   0.135   0.255    17.2    18.1    19.2    18.6    17.8
94081 20200908  2.622 -103.30   45.52     9.3    -3.2     3.0     3.4     0.0    17.78 C    24.0    -3.1     7.1    93.2    32.8    65.7   0.120   0.128   0.140   0.134   0.253    14.1    15.1    16.9    17.9    17.8
94081 20200909  2.622 -103.30   45.52    16.4    -3.7     6.3     6.5     0.0    20.64 C    29.5    -4.4     9.6    87.6    20.1    53.6   0.120   0.126   0.137   0.131   0.251    13.0    13.8    15.5    17.0    17.7
94081 20200910  2.622 -103.30   45.52    21.6    -0.7    10.4    10.4     0.0    20.22 C    35.2    -1.7    12.7    90.2    18.9    48.2   0.123   0.127   0.137   0.130   0.252    13.8    14.2    15.1    16.3    17.4
94081 20200911  2.622 -103.30   45.52    17.8     6.9    12.4    12.8     0.8    11.67 C    27.6     4.5    14.1    91.0    47.9    67.1   0.126   0.128   0.137   0.130   0.251    14.5    14.7    15.2    15.9    17.1
94081 20200912  2.622 -103.30   45.52    27.2     2.4    14.8    16.0     0.0    19.91 C    39.0     0.9    17.3    95.8    12.8    49.7   0.128   0.129   0.138   0.129   0.250    15.4    15.4    15.5    15.7    16.8
94081 20200913  2.622 -103.30   45.52    20.9     4.7    12.8    14.5     0.0    14.50 C    30.4     3.7    15.5    81.5    34.3    51.9   0.129   0.130   0.139   0.129   0.252    15.6    15.7    15.8    15.7    16.5
94081 20200914  2.622 -103.30   45.52    31.3     7.3    19.3    16.5     0.0    15.58 C    39.0     4.0    17.2    94.7    20.5    63.2   0.131   0.130   0.139   0.129   0.248    16.1    16.0    15.9    15.7    16.4
94081 20200915  2.622 -103.30   45.52    27.4     3.6    15.5    15.1     0.0    15.00 C    35.6     2.3    15.7    92.2    23.7    60.7   0.132   0.131   0.139   0.130   0.249    16.1    16.1    16.1    15.7    16.3
94081 20200916  2.622 -103.30   45.52    20.5     1.5    11.0    11.4     0.0    15.29 C    33.2     0.8    13.3    95.3    36.3    66.9   0.131   0.130   0.139   0.130   0.250    15.4    15.6    15.9    15.8    16.2
94081 20200917  2.622 -103.30   45.52    23.2     1.1    12.2    12.5     0.0    16.13 C    35.1     0.7    14.7    95.6    30.1    65.6   0.131   0.129   0.138   0.129   0.247    15.1    15.3    15.6    15.6    16.0
94081 20200918  2.622 -103.30   45.52    24.4     8.9    16.7    16.9     0.0    14.72 C    32.0     6.5    17.3    85.2    31.2    58.8   0.132   0.131   0.138   0.131   0.248    16.0    15.9    15.7    15.4    16.0
94081 20200919  2.622 -103.30   45.52    26.1     5.6    15.9    17.1     0.0    12.14 C    35.8     4.9    17.8    95.6    35.2    64.5   0.132   0.131   0.139   0.131   0.246    16.4    16.3    16.0    15.5    15.9
94081 20200920  2.622 -103.30   45.52    25.9     6.4    16.1    16.9     0.0    16.88 C    35.2     4.5    17.2    78.1    18.4    45.2   0.133   0.132   0.140   0.129   0.246    16.8    16.7    16.4    15.7    15.8
94081 20200921  2.622 -103.30   45.52    27.8     3.3    15.6    16.7     0.0    16.84 C    40.9     2.2    17.9    87.9    14.7    45.1   0.132   0.131   0.140   0.128   0.246    16.4    16.3    16.2    15.7    15.8
94081 20200922  2.622 -103.30   45.52    31.7     6.2    19.0    20.2     0.0    16.88 C    42.2     3.5    20.4    87.2    15.5    48.2   0.132   0.132   0.140   0.129   0.247    17.2    16.9    16.4    15.7    15.8
94081 20200923  2.622 -103.30   45.52    29.0     5.5    17.3    18.8     0.0    15.44 C    40.9     3.8    19.6    78.7    15.8    47.9   0.133   0.133   0.141   0.129   0.243    18.2    17.9    17.0    15.9    15.8
94081 20200924  2.622 -103.30   45.52    31.6     4.5    18.0    19.7     0.0    12.91 C    37.9     3.6    19.3    82.9    14.8    40.6   0.131   0.131   0.140   0.130   0.244    17.1    17.0    16.8    16.0    15.8
94081 20200925  2.622 -103.30   45.52    23.2     9.8    16.5    17.3     0.0    13.09 C    35.6     5.1    18.4    44.9    15.7    28.3   0.131   0.132   0.140   0.130   0.245    17.2    17.2    16.9    16.0    15.8
94081 20200926  2.622 -103.30   45.52    20.5     3.4    12.0    13.0     2.8     7.92 C    24.9     1.0    11.9    86.2    16.4    49.1   0.128   0.130   0.140   0.130   0.242    15.6    16.1    16.5    16.0    15.8
94081 20200927  2.622 -103.30   45.52    18.0     4.1    11.0    11.4     0.0    14.16 C    24.3     2.1    10.9    67.6    17.5    39.0   0.124   0.127   0.137   0.129   0.242    13.1    13.9    15.2    15.8    15.8
94081 20200928  2.622 -103.30   45.52    18.4     1.6    10.0     9.3     0.0    16.80 C    26.9     0.4     9.8    72.5    17.3    44.2   0.123   0.126   0.136   0.128   0.243    12.6    13.3    14.3    15.1    15.7
94081 20200929  2.622 -103.30   45.52    26.1     4.0    15.0    16.7     0.0    16.15 C    35.3     1.3    16.1    56.9    19.5    34.4   0.125   0.126   0.135   0.127   0.242    13.5    13.6    14.0    14.7    15.6
94081 20200930  2.622 -103.30   45.52    16.9     3.5    10.2    11.4     0.0    16.48 C    25.2     1.9    12.2    58.1    17.4    33.4   0.126   0.127   0.136   0.125   0.241    13.9    14.2    14.4    14.5    15.4
94081 20201001  2.622 -103.30   45.52    13.4    -6.3     3.5     4.6     0.0    14.22 C    26.9    -7.1     6.9    87.5    27.3    54.6   0.122   0.125   0.134   0.127   0.241    11.9    12.6    13.6    14.3    15.3
94081 20201002  2.622 -103.30   45.52    16.8    -3.6     6.6     6.8     0.7     7.50 C    19.5    -4.9     6.2    84.2    34.0    62.4   0.121   0.123   0.133   0.126   0.240    10.9    11.6    12.8    13.9    15.2
94081 20201003  2.622 -103.30   45.52    18.6    -0.1     9.3     9.2     0.0    14.47 C    30.2    -2.3    10.3    85.8    30.6    58.4   0.121   0.123   0.133   0.125   0.240    11.7    12.0    12.6    13.5    14.9
94081 20201004  2.622 -103.30   45.52    24.0    -3.4    10.3    11.8     0.0    15.14 C    34.2    -4.1    11.9    91.1    16.2    48.8   0.122   0.123   0.132   0.125   0.238    11.5    11.9    12.5    13.2    14.7
94081 20201005  2.622 -103.30   45.52    22.1     1.6    11.9    12.3     0.0    12.36 C    30.9    -0.1    11.4    78.6    29.9    52.4   0.123   0.124   0.132   0.126   0.239    12.5    12.6    12.8    13.1    14.6
94081 20201006  2.622 -103.30   45.52    28.0     4.2    16.1    14.8     0.0    10.76 C    35.8     1.0    12.9    79.0    16.9    46.6   0.124   0.125   0.133   0.127   0.236    13.1    13.2    13.1    13.1    14.4
94081 20201007  2.622 -103.30   45.52    22.5    -0.1    11.2    12.3     0.0    14.47 C    37.3    -1.7    14.0    89.1    21.7    46.6   0.123   0.125   0.133   0.126   0.236    13.1    13.2    13.4    13.2    14.3
94081 20201008  2.622 -103.30   45.52    26.8     6.6    16.7    15.6     0.0    13.62 C    36.7     1.6    14.8    61.7    17.2    37.8   0.124   0.126   0.134   0.126   0.237    13.9    13.8    13.7    13.2    14.2
94081 20201009  2.622 -103.30   45.52    23.9     0.2    12.0    12.2     0.0    13.27 C    33.2    -1.8    11.4    82.3    22.1    48.0   0.122   0.125   0.134   0.126   0.236    13.0    13.3    13.6    13.3    14.2
94081 20201010  2.622 -103.30   45.52    26.7     2.3    14.5    18.9     0.0    13.07 C    31.8     0.2    17.1    80.5    16.0    32.0   0.123   0.125   0.133   0.126   0.236    13.5    13.4    13.5    13.3    14.1
94081 20201011  2.622 -103.30   45.52    22.2    -2.4     9.9    11.5     0.0     4.48 C    17.2    -5.9     9.7    84.7    16.2    40.8   0.123   0.126   0.134   0.125   0.235    13.5    13.8    13.9    13.4    14.1
94081 20201012  2.622 -103.30   45.52    20.0    -4.2     7.9     8.3     0.0    10.68 C    28.6    -6.4     8.0    89.0    21.6    53.8   0.118   0.121   0.132   0.125   0.236    10.9    11.5    12.8    13.3    14.0
94081 20201013  2.622 -103.30   45.52    17.2    -1.6     7.8     9.2     3.9    12.58 C    32.8    -4.7    10.5    91.4    22.0    54.2   0.119   0.121   0.131   0.123   0.235    11.3    11.6    12.4    12.9    14.0
94081 20201014  2.622 -103.30   45.52    11.6    -1.3     5.2     6.1     5.3     8.17 C    19.8    -1.8     6.2    91.4    47.7    77.7   0.118   0.122   0.132   0.123   0.234    10.9    11.5    12.4    12.7    13.9
94081 20201015  2.622 -103.30   45.52     7.4    -2.1     2.7     1.3     1.5     7.10 C    14.2    -3.3     1.0    93.7    54.4    78.4   0.114   0.117   0.129   0.123   0.232     7.4     8.7    10.9    12.4    13.8
94081 20201016  2.622 -103.30   45.52     8.0    -3.3     2.3     3.5     2.3     6.06 C    12.2    -3.8     3.9    90.1    41.5    72.9   0.113   0.115   0.126   0.123   0.235     6.6     7.5     9.6    11.7    13.6
94081 20201017  2.622 -103.30   45.52     7.8    -4.5     1.6     0.7     0.0     4.62 C     7.0    -4.8     1.3    90.8    37.8    67.3   0.113   0.116   0.126   0.121   0.233     6.6     7.5     9.2    11.0    13.4
94081 20201018  2.622 -103.30   45.52    -0.2    -9.2    -4.7    -3.8     0.3     7.96 C    11.1    -8.7    -0.9    86.9    48.3    68.2   0.111   0.112   0.124   0.121   0.231     4.2     5.5     7.9    10.5    13.1
94081 20201019  2.622 -103.30   45.52    -0.3    -4.2    -2.2    -2.1     1.1     4.12 C     4.2    -3.3    -0.8    92.4    79.7    86.9   0.111   0.112   0.123   0.119   0.232     4.1     5.1     7.1     9.7    12.8
94081 20201020  2.622 -103.30   45.52     4.8    -6.4    -0.8     0.6     1.7     5.32 C     9.3    -5.8     0.9    94.0    64.8    84.9   0.113   0.112   0.122   0.118   0.231     4.4     5.2     6.8     9.1    12.4
94081 20201021  2.622 -103.30   45.52     0.4    -5.2    -2.4    -1.1     6.4     2.41 C     0.2    -4.0    -1.1    93.2    84.7    89.5   0.113   0.111   0.120   0.117   0.229     3.1     4.2     6.2     8.7    12.1
94081 20201022  2.622 -103.30   45.52    -2.1    -6.4    -4.3    -3.7     3.4     5.93 C    -2.5    -7.2    -4.0    92.1    74.8    86.6   0.121   0.111   0.121   0.117   0.230     3.3     4.1     5.8     8.2    11.7
94081 20201023  2.622 -103.30   45.52    -6.3   -17.2   -11.8    -9.7     0.7    11.27 C    -6.4   -23.5   -10.8    91.4    63.0    80.0   0.136   0.110   0.120   0.116   0.228     2.9     3.8     5.5     7.8    11.4
94081 20201024  2.622 -103.30   45.52    -6.5    -9.0    -7.7    -7.5     6.4     6.37 C    -5.9    -9.2    -7.3    88.6    79.2    83.0   0.148   0.110   0.119   0.115   0.228     2.3     3.3     5.0     7.4    11.1
94081 20201025  2.622 -103.30   45.52    -9.0   -13.4   -11.2   -11.1     0.4    10.53 C    -6.4   -15.6   -11.4    87.6    59.3    76.3   0.156   0.111   0.117   0.114   0.227     2.0     2.9     4.6     7.0    10.8
94081 20201026  2.622 -103.30   45.52    -8.8   -21.9   -15.4   -13.7     0.0    11.97 C    -9.6   -27.9   -16.2    85.7    63.8    71.4   0.161   0.115   0.117   0.114   0.226     1.6     2.5     4.2     6.6    10.5
94081 20201027  2.622 -103.30   45.52     5.8   -17.0    -5.6    -2.7     0.0    10.29 C     0.3   -20.0    -6.8    82.5    54.2    64.1   0.163   0.120   0.117   0.115   0.225     1.3     2.1     3.8     6.3    10.2
94081 20201028  2.622 -103.30   45.52     4.8    -2.2     1.3     1.9     0.0     9.71 C    10.0    -3.1     0.7    94.7    64.6    77.7   0.176   0.129   0.117   0.113   0.225     2.0     2.6     3.7     5.9     9.9
94081 20201029  2.622 -103.30   45.52    11.1    -0.5     5.3     4.7     0.0     7.57 C    16.4    -2.9     4.1    91.0    56.2    76.5   0.206   0.162   0.118   0.114   0.224     3.2     3.5     4.1     5.8     9.7
94081 20201030  2.622 -103.30   45.52    17.0    -1.3     7.9     8.2     0.0    10.74 C    17.7    -3.4     6.2    92.9    38.8    64.7   0.212   0.178   0.119   0.112   0.222     4.2     4.3     4.7     5.7     9.5
94081 20201031  2.622 -103.30   45.52     9.8    -6.7     1.5     5.1     0.0     7.52 C    13.7    -8.7     2.8    83.8    25.7    46.2   0.211   0.182   0.119   0.113   0.224     4.6     4.9     5.4     6.0     9.3
94081 20201101  2.622 -103.30   45.52    15.0    -8.2     3.4     2.0     0.0    10.10 C    19.3    -8.9     0.6    87.9    19.2    57.6   0.207   0.181   0.118   0.113   0.223     2.9     3.5     4.7     6.1     9.2
94081 20201102  2.622 -103.30   45.52    23.2    -3.1    10.1     8.9     0.0    10.31 C    27.1    -5.4     5.6    83.2    16.5    51.8   0.207   0.183   0.118   0.112   0.222     3.9     4.1     4.7     5.9     9.1
94081 20201103  2.622 -103.30   45.52    24.2    -3.5    10.4     8.3     0.0    10.37 C    27.4    -5.5     4.9    86.8    10.6    52.1   0.208   0.184   0.119   0.112   0.222     4.7     4.9     5.3     6.0     9.0
94081 20201104  2.622 -103.30   45.52    23.4    -3.0    10.2     8.1     0.0     9.22 C    29.2    -5.2     5.3    84.7    14.6    53.0   0.207   0.185   0.120   0.114   0.223     4.8     5.1     5.5     6.1     8.9
94081 20201105  2.622 -103.30   45.52    25.9    -0.9    12.5    11.2     0.0     8.36 C    29.0    -2.9     7.0    87.0    11.9    45.4   0.207   0.186   0.121   0.114   0.222     5.5     5.6     5.8     6.3     8.9
94081 20201106  2.622 -103.30   45.52    19.6    -0.7     9.5     8.5     0.0     6.96 C    25.5    -4.1     5.6    81.9    22.9    55.8   0.206   0.186   0.122   0.114   0.223     5.5     5.7     6.1     6.5     8.8
94081 20201107  2.622 -103.30   45.52    17.1    -2.9     7.1     5.7     0.0     7.47 C    19.5    -3.7     5.5    95.3    35.5    72.6   0.206   0.186   0.122   0.114   0.223     5.6     5.8     6.2     6.6     8.8
94081 20201108  2.622 -103.30   45.52    15.3    -7.9     3.7     1.6     1.1     3.16 C    11.8    -8.2     0.9    89.8    47.1    73.8   0.205   0.185   0.123   0.115   0.223     5.2     5.7     6.3     6.7     8.8
94081 20201109  2.622 -103.30   45.52    -1.7   -11.7    -6.7    -6.8     0.0     9.10 C     3.8   -11.8    -6.2    86.6    49.9    66.7   0.199   0.181   0.120   0.115   0.223     1.8     2.8     4.9     6.6     8.9
94081 20201110  2.622 -103.30   45.52     5.2    -9.4    -2.1    -3.4     0.0     9.11 C    12.3   -11.5    -3.7    82.1    30.2    62.2   0.195   0.179   0.118   0.113   0.223     0.7     1.6     3.6     6.0     8.8
94081 20201111  2.622 -103.30   45.52     2.8   -12.3    -4.8    -3.3     0.0     8.84 C     8.5   -14.9    -4.4    82.4    46.2    63.1   0.178   0.178   0.117   0.112   0.222     0.5     1.3     3.0     5.4     8.6
94081 20201112  2.622 -103.30   45.52     2.9   -15.6    -6.4    -7.1     0.0     8.86 C     9.2   -16.1    -7.6    85.8    30.5    64.4 -99.000   0.166   0.116   0.111   0.221     0.0     0.8     2.5     4.9     8.4
94081 20201113  2.622 -103.30   45.52    10.8   -10.4     0.2     1.2     0.0     8.59 C    17.6   -14.1    -0.7    78.8    12.9    41.1 -99.000   0.161   0.116   0.111   0.220    -0.3     0.4     2.1     4.4     8.2
94081 20201114  2.622 -103.30   45.52     7.3    -5.1     1.1     0.8     0.0     3.99 C    10.7    -9.7    -1.6    79.3    29.8    59.0 -99.000   0.160   0.115   0.111   0.220    -0.1     0.5     1.9     4.1     7.9
94081 20201115  2.622 -103.30   45.52     6.4    -7.9    -0.8    -0.6     0.0     7.56 C    11.6   -13.3    -3.4    78.3    24.5    53.0 -99.000   0.159   0.115   0.109   0.220    -0.1     0.5     1.8     3.8     7.6
94081 20201116  2.622 -103.30   45.52     9.9    -3.0     3.5     3.2     0.0     7.95 C    12.9    -6.4     0.8    69.2    28.2    50.2 -99.000   0.160   0.115   0.109   0.219    -0.1     0.5     1.7     3.6     7.4
94081 20201117  2.622 -103.30   45.52    13.7    -2.0     5.8     6.1     0.0     7.74 C    18.3    -7.2     2.9    66.1    29.4    46.0 -99.000   0.161   0.115   0.110   0.218     0.3     0.7     1.7     3.5     7.3
94081 20201118  2.622 -103.30   45.52    20.7     1.5    11.1     9.7     0.0     4.82 C    25.5    -4.5     5.9    68.2    16.7    42.0   0.162   0.169   0.116   0.109   0.219     1.5     1.6     2.1     3.4     7.1
94081 20201119  2.622 -103.30   45.52    11.7    -4.9     3.4     3.0     0.0     6.22 C    15.1    -9.8     0.6    88.5    34.7    65.0   0.196   0.177   0.118   0.109   0.218     2.2     2.5     2.8     3.7     6.9
94081 20201120  2.622 -103.30   45.52     7.4   -11.6    -2.1    -3.8     0.0     6.98 C    18.4   -13.2    -5.5    91.7    31.1    71.3   0.189   0.176   0.117   0.109   0.217     0.8     1.4     2.6     3.8     6.9
94081 20201121  2.622 -103.30   45.52     9.9    -8.6     0.6    -0.9     0.0     6.95 C    15.8   -13.2    -3.8    82.2    12.8    53.5 -99.000   0.175   0.117   0.109   0.216     0.2     0.8     2.0     3.7     6.8
94081 20201122  2.622 -103.30   45.52     7.7    -8.7    -0.5     0.1     0.0     7.66 C    12.9   -11.5    -2.4    86.4    24.5    53.5 -99.000   0.163   0.116   0.109   0.217     0.0     0.5     1.7     3.5     6.7
94081 20201123  2.622 -103.30   45.52     5.1   -12.1    -3.5    -3.8     0.0     6.67 C    13.1   -14.7    -5.8    80.9    28.7    58.0 -99.000   0.162   0.116   0.109   0.217    -0.1     0.4     1.6     3.2     6.6
94081 20201124  2.622 -103.30   45.52     6.6   -12.0    -2.7    -3.9     0.0     7.38 C    11.1   -14.0    -6.3    84.5    30.7    66.4 -99.000 -99.000   0.116   0.109   0.218    -0.4     0.1     1.3     3.0     6.4
94081 20201125  2.622 -103.30   45.52    11.9    -8.8     1.6     1.2     0.0     6.30 C    16.3   -13.2    -1.6    92.1    21.3    58.8 -99.000 -99.000   0.115   0.110   0.216    -0.6    -0.1     1.1     2.9     6.3
94081 20201126  2.622 -103.30   45.52     5.6    -9.8    -2.1    -1.2     0.0     6.82 C     8.9   -12.9    -3.1    91.3    33.1    68.3 -99.000 -99.000   0.115   0.109   0.217    -0.3     0.1     1.1     2.7     6.2
94081 20201127  2.622 -103.30   45.52    11.3    -8.4     1.5     0.0     0.0     6.67 C    12.5   -12.9    -4.0    79.4    21.1    52.9 -99.000 -99.000   0.115   0.109   0.215    -0.6    -0.1     1.0     2.6     6.1
94081 20201128  2.622 -103.30   45.52    15.2    -7.6     3.8     3.4     0.0     5.73 C    15.3   -12.4    -0.7    73.7     8.4    41.4 -99.000 -99.000   0.116   0.109   0.216    -0.7    -0.2     0.9     2.5     5.9
94081 20201129  2.622 -103.30   45.52     3.1   -13.1    -5.0    -5.3     0.0     7.34 C     9.1   -17.0    -7.0    88.5    27.8    63.2 -99.000 -99.000   0.116   0.108   0.215    -0.7    -0.2     0.9     2.4     5.8
94081 20201130  2.622 -103.30   45.52    14.3   -11.7     1.3    -1.5     0.0     7.21 C    17.0   -14.9    -5.5    76.9     7.3    45.1 -99.000 -99.000   0.117   0.108   0.216    -1.3    -0.7     0.6     2.3     5.7
94081 20201201  2.622 -103.30   45.52     4.0   -11.8    -3.9     0.5     0.0     2.92 C     5.8   -14.4    -0.9    75.4    39.1    57.5 -99.000 -99.000   0.110   0.107   0.215    -1.1    -0.6     0.4     2.2     5.6
94081 20201202  2.622 -103.30   45.52     2.7   -13.4    -5.4    -4.1     0.0     6.81 C     7.6   -15.6    -5.3    88.1    35.2    64.4 -99.000 -99.000   0.115   0.109   0.216    -0.8    -0.4     0.5     2.1     5.5
94081 20201203  2.622 -103.30   45.52    10.4   -13.2    -1.4    -3.2     0.0     6.65 C    13.3   -14.4    -5.9    82.5    24.7    59.4 -99.000 -99.000 -99.000   0.109   0.216    -1.7    -1.0     0.2     2.0     5.4
94081 20201204  2.622 -103.30   45.52    12.3    -9.7     1.3     1.8     0.0     6.74 C    13.6   -12.3    -3.0    82.4    22.1    49.1 -99.000 -99.000 -99.000   0.109   0.214    -1.6    -1.1     0.0     1.8     5.3
94081 20201205  2.622 -103.30   45.52    13.1   -11.1     1.0    -1.5     0.0     6.11 C    16.8   -13.4    -4.7    86.1    24.3    62.9 -99.000 -99.000 -99.000   0.109   0.213    -1.5    -1.1     0.0     1.7     5.2
94081 20201206  2.622 -103.30   45.52    15.2   -11.1     2.0    -1.3     0.0     6.66 C    17.3   -13.7    -4.8    86.6    17.1    59.3 -99.000 -99.000 -99.000   0.108   0.214    -1.7    -1.2    -0.1     1.6     5.0
94081 20201207  2.622 -103.30   45.52    13.1   -10.0     1.6     2.1     0.0     6.70 C    14.5   -13.5    -3.4    80.1    21.1    45.2 -99.000 -99.000 -99.000   0.107   0.212    -1.8    -1.4    -0.3     1.5     4.9
94081 20201208  2.622 -103.30   45.52    16.7    -0.8     8.0     7.3     0.0     2.89 C    16.2    -6.7     1.2    57.8    12.5    30.8 -99.000 -99.000 -99.000   0.107   0.213    -1.1    -0.9    -0.1     1.4     4.8
94081 20201209  2.622 -103.30   45.52    18.4    -5.7     6.3     5.0     0.0     6.29 C    17.9    -9.7     0.5    81.0    17.5    48.1 -99.000 -99.000 -99.000   0.106   0.214    -0.8    -0.6     0.1     1.4     4.7
94081 20201210  2.622 -103.30   45.52     1.3   -14.1    -6.4    -2.7     0.0     3.08 C     4.7   -16.4    -3.5    91.8    57.2    79.1 -99.000 -99.000   0.109   0.106   0.213    -0.5    -0.3     0.3     1.4     4.6
94081 20201211  2.622 -103.30   45.52    -2.7   -15.1    -8.9    -9.8     0.0     2.69 C     4.6   -16.4    -7.8    92.8    81.4    86.9 -99.000 -99.000 -99.000   0.107   0.212    -1.4    -0.8     0.2     1.5     4.5
94081 20201212  2.622 -103.30   45.52    -5.8    -9.8    -7.8    -7.9     0.5     3.16 C     5.0   -10.0    -5.9    90.0    83.6    88.0 -99.000 -99.000 -99.000   0.106   0.213    -1.8    -1.3    -0.1     1.4     4.5
94081 20201213  2.622 -103.30   45.52    -4.0   -17.2   -10.6    -9.0     0.2     3.41 C    -0.8   -18.3    -9.0    85.6    50.7    72.9 -99.000 -99.000 -99.000   0.107   0.214    -2.1    -1.5    -0.4     1.2     4.4
94081 20201214  2.622 -103.30   45.52    -8.4   -16.4   -12.4   -10.9     0.0     3.66 C    -0.4   -15.0    -8.7    82.1    58.4    70.9 -99.000 -99.000 -99.000   0.106   0.212    -3.4    -2.6    -1.0     1.1     4.4
94081 20201215  2.622 -103.30   45.52     2.7   -11.2    -4.3    -5.4     0.0     5.64 C     9.0   -11.6    -4.8    91.4    41.1    70.7 -99.000 -99.000 -99.000   0.107   0.212    -3.0    -2.5    -1.3     0.8     4.3
94081 20201216  2.622 -103.30   45.52     7.1    -9.0    -1.0    -0.7     0.0     6.33 C     9.5   -14.2    -3.4    89.2    36.6    63.5 -99.000 -99.000 -99.000   0.106   0.212    -2.4    -2.0    -1.2     0.6     4.1
94081 20201217  2.622 -103.30   45.52     4.3   -11.1    -3.4    -3.4     0.0     2.54 C     5.7   -15.1    -5.8    88.1    44.5    72.7 -99.000 -99.000 -99.000   0.106   0.211    -2.9    -2.4    -1.2     0.6     4.0
94081 20201218  2.622 -103.30   45.52     3.4    -9.9    -3.3    -1.7     0.0     5.40 C     6.8   -15.3    -4.2    87.3    39.2    64.2 -99.000 -99.000 -99.000   0.111   0.211    -2.2    -1.9    -1.1     0.5     3.9
94081 20201219  2.622 -103.30   45.52     9.9    -6.7     1.6     0.2     0.0     3.74 C     8.2   -12.7    -2.7    83.6    28.3    60.3 -99.000 -99.000 -99.000 -99.000   0.213    -2.6    -2.2    -1.2     0.4     3.8
94081 20201220  2.622 -103.30   45.52    13.9    -6.0     3.9     3.3     0.0     3.48 C    15.8   -12.5     0.8    84.3    25.1    58.4 -99.000 -99.000 -99.000 -99.000   0.211    -1.8    -1.6    -1.0     0.4     3.7
94081 20201221  2.622 -103.30   45.52     7.6    -4.2     1.7     2.6     0.0     3.88 C    19.7   -11.0     0.7    87.5    32.5    56.3 -99.000 -99.000 -99.000   0.114   0.210    -1.0    -0.9    -0.5     0.5     3.7
94081 20201222  2.622 -103.30   45.52    16.6    -8.0     4.3     4.5     0.9     4.74 C    19.8    -8.3     2.2    89.3    24.4    54.6 -99.000 -99.000 -99.000   0.109   0.209    -0.7    -0.5    -0.2     0.6     3.6
94081 20201223  2.622 -103.30   45.52    -4.9   -14.7    -9.8    -8.9     0.0     5.26 C    -5.9   -21.0   -10.9    80.1    55.3    70.5 -99.000 -99.000 -99.000   0.106   0.209    -0.8    -0.5     0.0     0.8     3.6
94081 20201224  2.622 -103.30   45.52     7.7    -8.7    -0.5     0.8     0.0     3.70 C     6.0   -10.0    -2.9    70.4    33.9    51.2 -99.000 -99.000 -99.000   0.105   0.210    -1.3    -1.0    -0.2     0.8     3.6
94081 20201225  2.622 -103.30   45.52    10.5   -11.3    -0.4    -0.3     0.0     5.21 C    12.4   -13.7    -5.0    83.3    17.4    48.8 -99.000 -99.000 -99.000   0.105   0.210    -1.6    -1.2    -0.3     0.8     3.6
94081 20201226  2.622 -103.30   45.52     9.6   -10.3    -0.4     0.6     0.0     4.06 C    13.2   -13.4    -1.6    84.6    31.0    61.2 -99.000 -99.000 -99.000   0.107   0.211    -2.0    -1.6    -0.6     0.7     3.6
94081 20201227  2.622 -103.30   45.52     1.9   -14.4    -6.3    -5.8     0.0     1.13 C    -0.4   -19.8    -6.6    88.9    62.9    79.9 -99.000 -99.000 -99.000   0.107   0.212    -1.4    -1.0    -0.4     0.7     3.6
94081 20201228  2.622 -103.30   45.52    -2.2   -18.7   -10.4    -8.0     0.0     4.46 C     3.5   -21.2    -8.2    89.2    63.3    80.8 -99.000 -99.000 -99.000   0.110   0.212    -2.8    -2.2    -0.9     0.6     3.5
94081 20201229  2.622 -103.30   45.52    -0.5    -9.8    -5.1    -4.3     0.0     3.52 C     2.7   -13.5    -5.4    93.4    56.7    78.8 -99.000 -99.000 -99.000   0.114   0.210    -2.7    -2.2    -1.2     0.4     3.5
94081 20201230  2.622 -103.30   45.52     2.7   -19.0    -8.2    -8.1     0.0     4.69 C     6.1   -21.1   -11.1    84.8    36.7    68.5 -99.000 -99.000 -99.000 -99.000   0.209    -4.0    -3.3    -1.7     0.2     3.4
94081 20201231  2.622 -103.30   45.52     8.2    -9.4    -0.6    -1.3     0.0     5.43 C    17.8   -13.9    -4.2    88.1    35.0    60.5 -99.000 -99.000 -99.000 -99.000   0.211    -3.5    -3.1    -2.0     0.0     3.3
