94081 20220101  2.622 -103.30   45.52   -18.3   -31.3   -24.8   -22.6     0.5     6.77 C   -21.2   -36.4   -26.3    76.8    57.8    68.2 -99.000 -99.000 -99.000   0.133   0.187    -2.8    -2.0    -0.9     0.5     3.8
94081 20220102  2.622 -103.30   45.52     2.0   -19.6    -8.8    -8.0     0.0     6.42 C    -3.4   -25.0   -14.7    73.5    38.6    58.2 -99.000 -99.000 -99.000   0.133   0.189    -3.0    -2.3    -1.2     0.3     3.7
94081 20220103  2.622 -103.30   45.52    -1.4   -17.3    -9.4    -8.4     0.0     5.14 C    -5.8   -21.3   -13.4    80.7    53.3    69.6 -99.000 -99.000 -99.000   0.133   0.188    -2.8    -2.2    -1.3     0.2     3.6
94081 20220104  2.622 -103.30   45.52    -1.3   -23.4   -12.4   -13.4     0.0     3.93 C    -5.6   -24.8   -14.8    80.9    60.4    70.0 -99.000 -99.000 -99.000   0.133   0.188    -2.8    -2.2    -1.3     0.1     3.5
94081 20220105  2.622 -103.30   45.52   -23.1   -26.9   -25.0   -25.0     0.0     6.20 C   -20.8   -29.5   -26.0    71.7    62.4    65.9 -99.000 -99.000 -99.000   0.133   0.186    -4.7    -3.7    -1.9     0.0     3.4
94081 20220106  2.622 -103.30   45.52   -17.9   -29.9   -23.9   -22.5     0.0     4.52 C   -15.7   -32.0   -22.5    72.9    60.4    67.8 -99.000 -99.000 -99.000 -99.000   0.187    -6.1    -5.0    -3.0    -0.3     3.3
94081 20220107  2.622 -103.30   45.52    -1.8   -20.0   -10.9   -12.4     0.0     4.04 C    -8.6   -20.7   -13.4    77.7    62.9    73.6 -99.000 -99.000 -99.000 -99.000   0.186    -5.8    -5.0    -3.6    -0.7     3.2
94081 20220108  2.622 -103.30   45.52     0.8   -20.6    -9.9   -10.1     0.0     5.46 C    -7.1   -25.0   -13.7    83.6    56.9    70.6 -99.000 -99.000 -99.000 -99.000   0.185    -5.1    -4.5    -3.6    -1.0     3.0
94081 20220109  2.622 -103.30   45.52     0.7   -24.2   -11.8   -10.8     0.0     7.11 C    -2.6   -25.7   -14.9    80.9    45.3    67.6 -99.000 -99.000 -99.000 -99.000   0.186    -5.9    -5.2    -4.0    -1.3     2.7
94081 20220110  2.622 -103.30   45.52     3.6   -15.3    -5.9    -5.6     0.0     7.15 C    -0.8   -18.0   -10.3    82.6    48.3    68.2 -99.000 -99.000 -99.000 -99.000   0.186    -5.4    -4.8    -4.0    -1.5     2.5
94081 20220111  2.622 -103.30   45.52     7.1    -6.0     0.5     2.4     0.0     5.40 C     0.4   -12.7    -3.6    68.3    43.9    52.8 -99.000 -99.000 -99.000 -99.000   0.183    -3.9    -3.7    -3.5    -1.7     2.3
94081 20220112  2.622 -103.30   45.52     9.9    -3.0     3.4     4.1     0.0     4.53 C     1.9    -7.6    -1.5    78.4    46.0    60.9 -99.000 -99.000 -99.000 -99.000   0.185    -2.4    -2.3    -2.5    -1.6     2.2
94081 20220113  2.622 -103.30   45.52     9.4     0.1     4.8     4.5     0.0     3.65 C     4.8    -0.8     1.1    87.3    59.6    73.9 -99.000 -99.000 -99.000 -99.000   0.183    -1.3    -1.3    -1.7    -1.3     2.1
94081 20220114  2.622 -103.30   45.52     3.8    -6.0    -1.1    -2.4     0.0     2.37 C     0.5    -6.4    -1.9    86.5    65.2    78.3 -99.000 -99.000 -99.000 -99.000   0.183    -1.0    -0.9    -1.2    -1.0     2.0
94081 20220115  2.622 -103.30   45.52     5.6    -7.9    -1.2    -1.1     0.0     5.80 C     5.5    -7.8    -2.5    88.8    41.7    67.4 -99.000 -99.000 -99.000 -99.000   0.185    -1.8    -1.4    -1.2    -0.8     2.1
94081 20220116  2.622 -103.30   45.52     5.6    -5.0     0.3     0.5     0.0     6.70 C     5.1    -6.2    -1.5    88.5    42.5    70.6 -99.000 -99.000 -99.000 -99.000   0.185    -1.5    -1.3    -1.1    -0.7     2.1
94081 20220117  2.622 -103.30   45.52    10.7    -3.6     3.5     3.2     0.0     5.72 C     8.1    -5.8    -0.4    78.3    37.7    60.1 -99.000 -99.000 -99.000 -99.000   0.184    -1.5    -1.3    -1.1    -0.6     2.2
94081 20220118  2.622 -103.30   45.52     6.3   -16.0    -4.8    -4.3     0.0     2.43 C     0.9   -13.5    -5.0    83.3    46.7    62.7 -99.000 -99.000 -99.000 -99.000   0.183    -1.8    -1.3    -1.0    -0.5     2.2
94081 20220119  2.622 -103.30   45.52   -13.0   -23.0   -18.0   -18.4     0.0     8.02 C    -5.1   -20.8   -15.2    76.6    42.1    63.9 -99.000 -99.000 -99.000 -99.000   0.184    -5.8    -4.4    -2.2    -0.5     2.2
94081 20220120  2.622 -103.30   45.52    -2.8   -22.7   -12.7   -10.8     0.0     7.97 C    -0.8   -21.1   -10.7    73.9    40.7    59.2 -99.000 -99.000 -99.000 -99.000   0.184    -7.4    -6.4    -4.2    -0.9     2.2
94081 20220121  2.622 -103.30   45.52     3.9    -8.8    -2.5     0.1     1.5     5.70 C     3.0    -9.6    -2.1    89.8    47.1    72.0 -99.000 -99.000 -99.000 -99.000   0.184    -4.2    -4.0    -3.8    -1.5     2.1
94081 20220122  2.622 -103.30   45.52     7.5   -11.6    -2.1     0.7     0.0     3.99 C     5.8   -11.3    -1.0    91.0    43.3    70.9 -99.000 -99.000 -99.000 -99.000   0.183    -3.5    -3.3    -3.1    -1.7     1.9
94081 20220123  2.622 -103.30   45.52    10.1    -0.2     5.0     5.1     0.0     4.34 C     7.5    -1.9     2.0    94.1    32.8    56.8 -99.000 -99.000 -99.000 -99.000   0.183    -1.6    -1.7    -2.1    -1.6     1.7
94081 20220124  2.622 -103.30   45.52     3.3    -9.6    -3.2    -3.5     2.5     4.34 C     0.9    -8.8    -3.1    91.1    62.7    79.5 -99.000 -99.000 -99.000 -99.000   0.184    -1.1    -1.1    -1.5    -1.3     1.7
94081 20220125  2.622 -103.30   45.52    -9.6   -15.2   -12.4   -12.7     1.6     8.46 C    -8.8   -19.8   -13.7    83.3    55.0    77.5 -99.000 -99.000 -99.000 -99.000   0.183    -1.9    -1.6    -1.4    -1.0     1.7
94081 20220126  2.622 -103.30   45.52     2.5   -12.7    -5.1    -2.2     0.0     8.17 C     0.4   -14.3    -4.5    83.8    57.9    69.6 -99.000 -99.000 -99.000 -99.000   0.182    -2.6    -2.3    -1.8    -1.0     1.7
94081 20220127  2.622 -103.30   45.52    -0.9   -14.7    -7.8    -4.3     2.2     4.04 C    -1.9   -17.3    -5.5    92.4    69.6    82.6 -99.000 -99.000 -99.000 -99.000   0.182    -2.0    -1.8    -1.6    -1.0     1.7
94081 20220128  2.622 -103.30   45.52     5.9   -10.3    -2.2    -1.4     0.0     8.64 C     1.4   -14.1    -5.3    87.8    44.7    62.5 -99.000 -99.000 -99.000 -99.000   0.183    -2.3    -2.1    -1.7    -1.0     1.7
94081 20220129  2.622 -103.30   45.52     5.7    -9.6    -2.0    -1.0     0.0     6.26 C     2.7    -9.6    -4.5    84.8    36.2    55.1 -99.000 -99.000 -99.000 -99.000   0.184    -2.6    -2.3    -1.8    -1.0     1.8
94081 20220130  2.622 -103.30   45.52     8.5    -8.9    -0.2     0.8     0.0     6.60 C     5.5    -8.7    -2.3    83.3    31.6    56.3 -99.000 -99.000 -99.000 -99.000   0.184    -2.8    -2.5    -2.0    -1.0     1.8
94081 20220131  2.622 -103.30   45.52     7.7    -9.3    -0.8     0.7     0.0     3.56 C     6.5    -9.0    -1.7    81.3    38.2    59.6 -99.000 -99.000 -99.000 -99.000   0.184    -2.0    -1.8    -1.7    -1.0     1.7
94081 20220201  2.622 -103.30   45.52    -9.3   -18.8   -14.1   -14.1     0.0     9.64 C    -5.7   -17.2   -11.9    75.9    45.9    62.0 -99.000 -99.000 -99.000 -99.000   0.183    -4.8    -3.8    -2.3    -1.0     1.7
94081 20220202  2.622 -103.30   45.52   -15.3   -21.0   -18.1   -17.4     3.4     6.21 C    -4.2   -21.0   -14.7    77.6    47.3    67.3 -99.000 -99.000 -99.000 -99.000   0.183    -7.1    -6.2    -4.1    -1.4     1.7
94081 20220203  2.622 -103.30   45.52    -3.0   -19.6   -11.3   -11.6     0.0     9.30 C    -2.7   -20.7   -12.0    77.2    41.2    65.4 -99.000 -99.000 -99.000 -99.000   0.184    -7.7    -7.0    -5.4    -2.2     1.6
94081 20220204  2.622 -103.30   45.52    -1.9   -15.8    -8.9    -8.5     0.0     8.80 C    -0.3   -16.0    -7.6    79.8    40.9    63.0 -99.000 -99.000 -99.000 -99.000   0.183    -6.3    -5.9    -5.2    -2.9     1.4
94081 20220205  2.622 -103.30   45.52     9.1    -4.5     2.3     3.2     0.0     8.32 C    10.9    -8.1     0.0    83.4    30.3    52.5 -99.000 -99.000 -99.000 -99.000   0.218    -4.1    -4.2    -4.4    -3.1     1.1
94081 20220206  2.622 -103.30   45.52     7.7    -3.3     2.2     1.5     0.0     7.32 C    10.4    -6.0    -0.3    84.7    34.5    60.4 -99.000 -99.000 -99.000 -99.000   0.218    -2.6    -2.7    -3.1    -2.8     0.9
94081 20220207  2.622 -103.30   45.52    14.2    -2.6     5.8     5.8     0.0     9.10 C    13.3    -7.3     1.0    66.0    16.4    37.6 -99.000 -99.000 -99.000 -99.000   0.217    -2.2    -2.2    -2.5    -2.4     0.8
94081 20220208  2.622 -103.30   45.52     9.6    -1.3     4.2     4.5     0.0    10.44 C    11.6    -3.7     1.7    69.9    26.2    44.4 -99.000 -99.000 -99.000 -99.000   0.218    -1.5    -1.5    -1.9    -2.0     0.8
94081 20220209  2.622 -103.30   45.52     3.1    -5.8    -1.4    -1.3     1.3     2.79 C     3.4    -7.5    -2.4    93.8    50.9    80.9 -99.000 -99.000 -99.000 -99.000   0.218    -1.5    -1.4    -1.6    -1.7     0.8
94081 20220210  2.622 -103.30   45.52    13.5    -3.9     4.8     4.5     0.9     5.96 C    10.0    -4.5     1.8    93.4    39.6    70.6 -99.000 -99.000 -99.000 -99.000   0.217    -1.4    -1.3    -1.4    -1.4     0.9
94081 20220211  2.622 -103.30   45.52     1.7    -9.9    -4.1    -5.3     0.7     5.46 C     0.2    -7.1    -3.2    86.5    64.3    75.1 -99.000 -99.000 -99.000 -99.000   0.204    -0.8    -0.8    -1.1    -1.2     1.0
94081 20220212  2.622 -103.30   45.52     3.8   -12.5    -4.3    -4.5     0.0     5.02 C     2.5   -11.5    -4.7    83.1    35.7    61.7 -99.000 -99.000 -99.000 -99.000   0.182    -2.0    -1.6    -1.2    -1.0     1.1
94081 20220213  2.622 -103.30   45.52     9.5   -13.0    -1.8    -2.2     0.0     9.48 C    10.7   -11.9    -2.9    87.0    30.1    64.8 -99.000 -99.000 -99.000 -99.000   0.183    -2.9    -2.5    -1.8    -1.0     1.2
94081 20220214  2.622 -103.30   45.52     2.6    -9.0    -3.2    -3.6     0.0     8.06 C     8.2   -10.1    -3.7    87.3    52.2    66.5 -99.000 -99.000 -99.000 -99.000   0.182    -2.4    -2.1    -1.8    -1.2     1.2
94081 20220215  2.622 -103.30   45.52     2.7   -11.4    -4.3    -4.4     0.0     7.76 C    11.9   -10.5    -2.4    78.4    40.5    64.2 -99.000 -99.000 -99.000 -99.000   0.181    -2.7    -2.4    -1.9    -1.2     1.3
94081 20220216  2.622 -103.30   45.52    -3.0   -15.2    -9.1    -6.9     0.2     9.54 C     7.0   -15.2    -4.9    81.2    29.5    61.5 -99.000 -99.000 -99.000 -99.000   0.181    -2.2    -1.9    -1.7    -1.2     1.2
94081 20220217  2.622 -103.30   45.52     4.6   -16.0    -5.7    -3.8     0.0    10.03 C    11.1   -15.6    -3.5    90.4    27.4    59.2 -99.000 -99.000 -99.000 -99.000   0.181    -3.5    -3.1    -2.3    -1.2     1.2
94081 20220218  2.622 -103.30   45.52     3.9    -9.8    -3.0    -3.3     0.0     3.91 C     4.6    -8.7    -3.8    84.7    54.3    70.3 -99.000 -99.000 -99.000 -99.000   0.182    -2.4    -2.1    -1.9    -1.4     1.2
94081 20220219  2.622 -103.30   45.52    14.2    -9.4     2.4     1.1     0.0    12.09 C    17.3   -10.2     0.1    79.6    22.0    55.5 -99.000 -99.000 -99.000 -99.000   0.182    -2.7    -2.5    -2.1    -1.3     1.2
94081 20220220  2.622 -103.30   45.52     9.5   -16.7    -3.6    -2.4     2.1     6.74 C    18.9   -15.3    -2.2    87.2    34.1    68.3 -99.000 -99.000 -99.000 -99.000   0.183    -1.3    -1.3    -1.5    -1.3     1.2
94081 20220221  2.622 -103.30   45.52   -16.7   -25.0   -20.9   -21.7     5.2     8.65 C   -15.0   -26.8   -20.9    74.4    66.9    70.6 -99.000 -99.000 -99.000 -99.000   0.183    -2.0    -1.7    -1.4    -1.2     1.2
94081 20220222  2.622 -103.30   45.52   -21.6   -28.6   -25.1   -23.7     1.2    10.13 C   -20.0   -36.0   -24.2    73.8    57.9    66.5 -99.000 -99.000 -99.000 -99.000   0.182    -3.3    -2.7    -1.8    -1.1     1.2
94081 20220223  2.622 -103.30   45.52   -19.2   -36.8   -28.0   -26.9     0.0    13.77 C   -15.8   -40.6   -29.7    77.4    52.5    67.6 -99.000 -99.000 -99.000 -99.000   0.181    -4.2    -3.6    -2.5    -1.2     1.2
94081 20220224  2.622 -103.30   45.52   -14.6   -32.3   -23.5   -22.5     0.0    13.93 C   -13.1   -35.2   -25.2    81.2    66.3    75.5 -99.000 -99.000 -99.000 -99.000   0.182    -4.8    -4.2    -3.1    -1.5     1.2
94081 20220225  2.622 -103.30   45.52    -5.6   -23.1   -14.3   -14.1     3.5    13.87 C    -6.8   -27.0   -18.7    81.7    57.9    73.0 -99.000 -99.000 -99.000 -99.000   0.184    -4.9    -4.4    -3.5    -1.7     1.1
94081 20220226  2.622 -103.30   45.52    -1.7   -18.8   -10.2    -8.6     0.0    14.45 C    -3.9   -25.9   -14.9    73.7    54.9    61.6 -99.000 -99.000 -99.000 -99.000   0.198    -4.8    -4.4    -3.6    -1.9     1.0
94081 20220227  2.622 -103.30   45.52     5.8   -12.3    -3.2    -1.2     0.0    14.77 C     0.5   -18.5    -6.9    69.2    39.4    54.8 -99.000 -99.000 -99.000 -99.000   0.217    -4.1    -3.8    -3.5    -2.0     0.8
94081 20220228  2.622 -103.30   45.52    10.0    -1.7     4.2     4.8     0.2    10.30 C     2.2    -8.1    -1.8    75.4    43.6    57.1 -99.000 -99.000 -99.000 -99.000   0.218    -2.8    -2.7    -2.9    -2.1     0.7
94081 20220301  2.622 -103.30   45.52    14.4    -0.2     7.1     6.8     0.0    10.30 C    14.5    -1.8     2.8    89.2    43.9    67.9 -99.000 -99.000 -99.000 -99.000   0.237    -1.2    -1.4    -1.9    -1.6     0.6
94081 20220302  2.622 -103.30   45.52    10.6    -3.4     3.6     2.1     0.2    10.38 C    14.0    -2.6     1.6    93.2    52.3    79.2 -99.000 -99.000 -99.000 -99.000   0.263    -0.6    -0.7    -1.1    -1.1     0.6
94081 20220303  2.622 -103.30   45.52    -1.3    -6.7    -4.0    -4.4     0.0     3.76 C     0.0    -3.6    -2.0    92.9    79.4    87.0 -99.000 -99.000 -99.000 -99.000   0.258    -0.7    -0.7    -0.8    -0.9     0.7
94081 20220304  2.622 -103.30   45.52    -0.8    -4.6    -2.7    -2.9     0.0     3.46 C     3.1    -3.2    -1.0    89.0    77.8    82.7 -99.000 -99.000 -99.000 -99.000   0.256    -0.8    -0.7    -0.8    -0.8     0.8
94081 20220305  2.622 -103.30   45.52    -4.5   -10.1    -7.3    -7.3     0.0     7.09 C    -0.5    -8.8    -5.1    89.4    61.7    75.0 -99.000 -99.000 -99.000 -99.000   0.232    -1.0    -0.7    -0.7    -0.7     0.9
94081 20220306  2.622 -103.30   45.52    -4.0   -12.4    -8.2    -8.6     0.0    14.14 C     6.1   -13.6    -6.1    83.3    47.2    67.6 -99.000 -99.000 -99.000 -99.000   0.207    -2.4    -1.7    -1.1    -0.7     1.0
94081 20220307  2.622 -103.30   45.52     4.1   -16.0    -6.0    -4.8     0.0    15.99 C    11.9   -15.6    -3.4    84.4    27.6    59.9 -99.000 -99.000 -99.000 -99.000   0.207    -3.1    -2.5    -1.6    -0.9     1.0
94081 20220308  2.622 -103.30   45.52    -0.8   -13.1    -6.9    -6.6     0.2     7.76 C     5.4   -13.5    -5.0    86.1    45.8    62.7 -99.000 -99.000 -99.000 -99.000   0.206    -2.4    -1.9    -1.5    -1.0     1.0
94081 20220309  2.622 -103.30   45.52    -7.3   -17.4   -12.4   -12.6     0.0    10.73 C     8.9   -17.6    -9.7    79.8    30.5    63.5 -99.000 -99.000 -99.000 -99.000   0.207    -4.3    -3.5    -2.2    -1.1     1.0
94081 20220310  2.622 -103.30   45.52    -1.5   -20.1   -10.8   -10.7     0.0    14.53 C     8.4   -20.5    -8.9    78.2    20.3    53.8 -99.000 -99.000 -99.000 -99.000   0.221    -5.3    -4.6    -3.3    -1.3     1.0
94081 20220311  2.622 -103.30   45.52    -6.7   -20.6   -13.6   -13.4     0.0    17.13 C     7.6   -20.3    -9.3    68.9    23.5    46.2 -99.000 -99.000 -99.000 -99.000   0.254    -5.6    -5.0    -3.8    -1.7     0.9
94081 20220312  2.622 -103.30   45.52    12.6    -9.2     1.7     1.3     0.0     7.76 C    16.4   -10.6     0.0    87.7    26.7    47.8 -99.000 -99.000 -99.000 -99.000   0.253    -4.0    -3.9    -3.7    -2.1     0.8
94081 20220313  2.622 -103.30   45.52     9.0    -8.3     0.3     0.6     0.9     7.30 C    16.0   -10.1     0.5    92.1    32.3    65.9 -99.000 -99.000 -99.000 -99.000   0.250    -2.6    -2.6    -2.7    -2.1     0.6
94081 20220314  2.622 -103.30   45.52    12.9    -2.7     5.1     3.4     0.9    14.28 C    20.6    -4.7     3.4    93.7    26.4    68.3 -99.000 -99.000 -99.000 -99.000   0.250    -1.4    -1.5    -1.9    -1.9     0.5
94081 20220315  2.622 -103.30   45.52    19.3    -2.1     8.6     8.4     0.5    15.78 C    25.9    -4.4     6.0    81.9    19.4    49.7 -99.000 -99.000 -99.000 -99.000   0.251    -0.8    -0.9    -1.3    -1.6     0.5
94081 20220316  2.622 -103.30   45.52    12.5    -2.7     4.9     6.3     0.0    16.19 C    20.7    -4.6     5.0    82.4    25.6    53.6 -99.000 -99.000 -99.000 -99.000   0.249    -0.5    -0.6    -0.9    -1.3     0.6
94081 20220317  2.622 -103.30   45.52    11.9    -6.8     2.6     1.6     0.0    16.08 C    24.2    -7.0     2.5    89.1    18.9    59.5 -99.000 -99.000 -99.000 -99.000   0.248    -0.3    -0.4    -0.7    -1.1     0.7
94081 20220318  2.622 -103.30   45.52    14.7    -7.7     3.5     4.2     0.0    17.35 C    26.5    -7.6     4.3    82.0    15.1    47.5 -99.000 -99.000 -99.000 -99.000   0.252    -0.1    -0.3    -0.5    -0.9     0.8
94081 20220319  2.622 -103.30   45.52    17.2    -7.0     5.1     5.5     0.0    16.49 C    28.8    -6.8     5.7    86.7    14.9    48.5 -99.000 -99.000 -99.000 -99.000   0.241     0.2    -0.2    -0.5    -0.7     0.9
94081 20220320  2.622 -103.30   45.52    19.9    -0.9     9.5     9.8     0.0    15.67 C    33.2    -4.3    10.0    74.3    15.5    36.8 -99.000 -99.000 -99.000 -99.000   0.203     0.9     0.2    -0.4    -0.6     0.9
94081 20220321  2.622 -103.30   45.52     9.7    -7.8     0.9     3.4     0.0    17.14 C    22.2    -8.1     4.4    79.1    17.7    47.3 -99.000 -99.000 -99.000 -99.000   0.202     0.8     0.4    -0.3    -0.5     1.0
94081 20220322  2.622 -103.30   45.52     9.7    -9.3     0.2     0.9     0.0    13.22 C    17.3    -9.0     0.3    84.1    23.6    51.1 -99.000 -99.000 -99.000 -99.000   0.203     0.0     0.0    -0.3    -0.5     1.1
94081 20220323  2.622 -103.30   45.52    12.7    -9.2     1.7     1.7     0.0    19.54 C    25.8   -10.1     3.3    82.6    12.5    45.2 -99.000 -99.000 -99.000 -99.000   0.204     0.3     0.2    -0.2    -0.5     1.1
94081 20220324  2.622 -103.30   45.52    18.6    -4.7     6.9     6.9     0.0    16.75 C    26.7    -6.6     5.9    64.3    22.4    39.9 -99.000 -99.000 -99.000 -99.000   0.202     0.9     0.6    -0.2    -0.4     1.2
94081 20220325  2.622 -103.30   45.52     9.2    -7.0     1.1     1.7     0.0    19.57 C    22.3    -9.7     2.9    76.6    13.5    42.4 -99.000 -99.000 -99.000 -99.000   0.202     0.8     0.6    -0.1    -0.3     1.3
94081 20220326  2.622 -103.30   45.52     5.2    -9.2    -2.0    -1.0     0.0    12.68 C    17.9    -9.6     1.2    78.4    23.9    40.9 -99.000 -99.000   0.292 -99.000   0.203     0.4     0.4     0.1    -0.3     1.3
94081 20220327  2.622 -103.30   45.52    12.4    -6.1     3.2     2.4     0.0    19.31 C    27.6    -7.2     5.4    46.9    18.5    31.3 -99.000 -99.000   0.292 -99.000   0.203     0.9     0.7     0.3    -0.3     1.4
94081 20220328  2.622 -103.30   45.52    16.9    -4.2     6.4     7.6     0.0    17.64 C    32.5    -5.6     9.5    61.5    21.8    35.9   0.268   0.291   0.294 -99.000   0.203     2.1     1.6     0.6    -0.3     1.4
94081 20220329  2.622 -103.30   45.52     8.8    -2.8     3.0     2.1     2.8     3.28 C    10.5    -2.7     1.8    89.0    42.6    67.3   0.277   0.288   0.297 -99.000   0.204     1.7     1.6     1.0    -0.2     1.5
94081 20220330  2.622 -103.30   45.52     5.1    -7.9    -1.4    -2.5     1.8    12.30 C     9.5    -7.9    -2.2    86.3    35.5    71.9   0.250   0.289   0.294 -99.000   0.203     0.3     0.5     0.7    -0.2     1.6
94081 20220331  2.622 -103.30   45.52    14.2    -8.3     2.9     4.1     1.0    20.24 C    27.2    -8.5     5.9    89.2    21.6    52.9   0.266   0.294   0.292 -99.000   0.203     1.1     0.9     0.7    -0.1     1.7
94081 20220401  2.622 -103.30   45.52    10.2    -6.3     1.9     3.2     2.9    12.51 C    23.7    -7.1     4.2    93.0    25.9    68.0   0.289   0.303   0.291 -99.000   0.204     2.5     2.1     1.4    -0.1     1.7
94081 20220402  2.622 -103.30   45.52    13.7    -8.1     2.8     4.4     0.0    20.91 C    34.8    -8.6     8.3    87.8    21.2    51.3   0.284   0.303   0.289 -99.000   0.204     2.9     2.5     1.7     0.1     1.8
94081 20220403  2.622 -103.30   45.52    10.4    -0.8     4.8     4.3     2.8    14.60 C    19.2    -3.4     4.9    92.7    41.2    72.2   0.291   0.303   0.281   0.093   0.205     3.6     3.3     2.5     0.3     1.9
94081 20220404  2.622 -103.30   45.52    18.1    -1.2     8.5     9.0     0.0    18.43 C    33.8    -3.4    10.2    90.8    12.0    45.5   0.291   0.302   0.282   0.094   0.205     4.1     3.6     2.7     0.5     2.0
94081 20220405  2.622 -103.30   45.52     8.7    -1.6     3.6     4.9     0.9    12.80 C    18.2    -3.6     5.0    86.6    27.6    52.8   0.290   0.302   0.284   0.095   0.205     4.0     3.9     3.3     0.8     2.2
94081 20220406  2.622 -103.30   45.52     5.4     0.1     2.7     2.3     0.8     8.23 C     8.7     0.0     2.5    91.5    50.3    78.2   0.288   0.299   0.282   0.126   0.205     3.0     3.1     3.0     1.3     2.4
94081 20220407  2.622 -103.30   45.52     9.2    -6.1     1.6     2.8     0.0    15.90 C    17.1    -8.5     3.1    84.2    25.9    53.7   0.287   0.298   0.281   0.165   0.205     3.1     3.1     3.0     1.6     2.6
94081 20220408  2.622 -103.30   45.52    14.3   -10.5     1.9     3.6     0.0    22.71 C    35.0   -10.7     8.1    86.1    12.9    44.2   0.286   0.296   0.279   0.163   0.205     3.7     3.4     3.1     2.0     2.7
94081 20220409  2.622 -103.30   45.52    12.9    -3.1     4.9     6.8     0.0    18.01 C    27.2    -6.6     7.7    71.0    21.0    36.8   0.286   0.296   0.280   0.162   0.207     4.8     4.6     4.0     2.4     2.9
94081 20220410  2.622 -103.30   45.52     9.3    -5.7     1.8     2.0     0.3    12.06 C    26.7    -8.5     3.6    90.8    27.4    63.2   0.283   0.293   0.280   0.161   0.205     4.3     4.4     4.3     2.8     3.0
94081 20220411  2.622 -103.30   45.52     9.7    -9.4     0.2     1.9     0.0    19.43 C    37.7    -9.8     7.4    90.1    25.5    57.1   0.281   0.291   0.278   0.162   0.206     4.6     4.4     4.1     3.0     3.2
94081 20220412  2.622 -103.30   45.52     2.1    -9.2    -3.6    -4.6     5.7     7.87 C     1.8    -9.9    -4.7    91.0    81.7    86.4   0.279   0.289   0.278   0.161   0.207     3.7     4.1     4.4     3.3     3.4
94081 20220413  2.622 -103.30   45.52    -7.0    -9.9    -8.4    -8.6     0.9    18.78 C    -5.8   -10.5    -8.6    84.8    80.7    83.0   0.280   0.288   0.277   0.160   0.207     2.4     2.8     3.5     3.2     3.5
94081 20220414  2.622 -103.30   45.52    -5.1    -9.6    -7.4    -7.3     0.0    23.16 C    -2.4   -11.2    -7.3    83.4    66.7    74.1   0.279   0.288   0.276   0.160   0.206     1.3     1.9     2.7     3.0     3.6
94081 20220415  2.622 -103.30   45.52    -3.4   -11.1    -7.3    -6.4     0.0    22.59 C    -0.4   -13.4    -6.0    83.3    61.8    72.8   0.268   0.286   0.274   0.158   0.207     0.7     1.2     2.1     2.7     3.6
94081 20220416  2.622 -103.30   45.52     2.9   -15.5    -6.3    -4.1     0.0    23.57 C     7.4   -16.1    -3.5    83.6    49.7    63.4   0.278   0.291   0.274   0.157   0.207     0.8     1.1     1.7     2.3     3.6
94081 20220417  2.622 -103.30   45.52     2.4    -7.7    -2.6    -0.5     0.2    16.40 C     9.4    -7.9    -0.1    80.1    49.0    61.8   0.286   0.308   0.280   0.157   0.207     0.8     1.1     1.5     2.1     3.5
94081 20220418  2.622 -103.30   45.52    10.0   -10.7    -0.4     1.4     0.0    24.34 C    29.4    -9.7     6.4    85.5    21.4    50.5   0.290   0.317   0.296   0.156   0.207     1.8     1.7     1.6     1.8     3.4
94081 20220419  2.622 -103.30   45.52    16.0    -0.8     7.6     6.5     0.0    16.52 C    32.3    -2.2     8.4    73.9    28.7    46.3   0.308   0.318   0.306   0.196   0.206     3.2     3.0     2.4     1.8     3.3
94081 20220420  2.622 -103.30   45.52    14.7    -3.1     5.8     7.0     0.0    21.55 C    30.4    -4.8     9.1    83.9    21.9    48.4   0.308   0.314   0.305   0.235   0.206     5.0     4.7     3.6     2.1     3.2
94081 20220421  2.622 -103.30   45.52    13.9    -6.6     3.7     4.8     0.0    15.43 C    26.0    -8.0     6.5    84.1    27.4    52.5   0.301   0.309   0.300   0.237   0.206     4.2     4.3     4.0     2.6     3.3
94081 20220422  2.622 -103.30   45.52    13.7     1.5     7.6     7.1    17.0    14.47 C    30.4     0.2    10.2    92.9    52.0    73.8   0.300   0.307   0.298   0.235   0.207     6.0     5.6     4.6     3.0     3.5
94081 20220423  2.622 -103.30   45.52     1.9    -0.7     0.6     0.2    35.9     7.43 C     2.2    -1.1     0.0    92.8    88.0    91.0   0.350   0.355   0.355   0.272   0.206     3.6     4.2     4.8     3.6     3.6
94081 20220424  2.622 -103.30   45.52     5.9    -2.3     1.8     1.4     0.2    18.42 C     0.1    -7.0    -1.3    88.3    56.0    75.7   0.338   0.344   0.343   0.279   0.208     2.2     2.7     3.5     3.6     3.8
94081 20220425  2.622 -103.30   45.52    11.2    -5.8     2.7     2.7     0.0    25.48 C     6.5   -10.2    -1.0    90.3    35.5    64.0   0.344   0.350   0.350   0.287   0.209     1.9     2.1     2.9     3.2     3.9
94081 20220426  2.622 -103.30   45.52    11.7    -1.0     5.3     5.0     0.2    24.86 C    15.9    -4.2     4.6    74.6    43.5    59.9   0.351   0.359   0.359   0.304   0.209     1.8     2.0     2.6     2.9     3.9
94081 20220427  2.622 -103.30   45.52    10.6    -2.7     3.9     4.4     0.4    23.68 C    28.7    -3.2     9.4    83.5    49.3    63.6   0.341   0.348   0.346   0.314   0.207     3.8     3.4     3.0     2.7     3.9
94081 20220428  2.622 -103.30   45.52    16.2     2.1     9.1     9.7     0.0    20.36 C    34.0     1.0    13.2    87.2    48.6    65.5   0.330   0.335   0.336   0.297   0.208     6.9     6.1     4.7     3.1     3.8
94081 20220429  2.622 -103.30   45.52     8.8     4.2     6.5     5.9    10.8     2.47 C     8.6     4.4     6.2    94.1    70.2    88.3   0.332   0.338   0.337   0.286   0.208     6.6     6.6     5.9     3.9     3.8
94081 20220430  2.622 -103.30   45.52    13.7    -0.7     6.5     7.5     0.4    20.75 C    23.6    -2.1     8.7    90.9    33.9    65.3   0.333   0.341   0.342   0.284   0.209     6.8     6.6     5.8     4.4     4.0
94081 20220501  2.622 -103.30   45.52    14.0    -3.0     5.5     6.8     0.0    25.31 C    32.1    -4.4    11.0    93.3    24.6    55.7   0.323   0.330   0.333   0.283   0.210     7.4     7.2     6.3     4.7     4.2
94081 20220502  2.622 -103.30   45.52    14.7     4.5     9.6     9.3     0.0    22.79 C    39.6     2.1    13.1    68.4    30.0    48.2   0.317   0.323   0.327   0.280   0.214     8.9     8.5     7.2     5.2     4.4
94081 20220503  2.622 -103.30   45.52    13.1     1.0     7.1     6.6     0.9    24.03 C    28.1     0.3    10.8    91.9    32.6    62.4   0.311   0.321   0.323   0.276   0.215     8.6     8.4     7.7     5.6     4.7
94081 20220504  2.622 -103.30   45.52    12.8     2.9     7.9     7.9     0.0     9.44 C    21.4     0.6     9.1    86.4    51.8    68.5   0.306   0.318   0.320   0.272   0.217     8.3     8.2     7.7     5.9     5.0
94081 20220505  2.622 -103.30   45.52    19.7     0.5    10.1    11.8     0.0    26.49 C    39.9    -0.8    16.2    94.3    38.9    64.3   0.304   0.309   0.315   0.270   0.220    10.0     9.4     8.1     6.1     5.3
94081 20220506  2.622 -103.30   45.52    23.8     7.3    15.5    15.1     0.4    23.06 C    43.7     5.0    17.7    82.7    21.9    52.4   0.300   0.304   0.312   0.267   0.222    12.0    11.3     9.5     6.6     5.5
94081 20220507  2.622 -103.30   45.52    24.4     6.2    15.3    16.6     0.0    14.81 C    32.6     3.6    16.2    72.7    23.9    46.5   0.292   0.305   0.309   0.265   0.225    12.0    11.5    10.3     7.4     5.8
94081 20220508  2.622 -103.30   45.52    21.8    -0.6    10.6    12.5     0.0    25.14 C    39.0    -1.6    15.9    90.6    14.2    47.9   0.285   0.299   0.304   0.263   0.229    11.9    11.5    10.3     7.9     6.1
94081 20220509  2.622 -103.30   45.52    12.6     3.1     7.9     9.1     6.0    14.20 C    21.0     1.8    10.2    91.1    41.4    70.8   0.281   0.296   0.301   0.261   0.233    11.2    11.2    10.5     8.2     6.5
94081 20220510  2.622 -103.30   45.52    20.3     0.5    10.4    11.9     0.0    27.77 C    36.5    -0.5    15.8    85.4    20.1    47.3   0.280   0.292   0.298   0.259   0.241    11.4    11.0    10.2     8.4     6.8
94081 20220511  2.622 -103.30   45.52    17.5     7.5    12.5    12.5     0.0    11.27 C    31.7     6.8    14.0    88.8    44.1    65.3   0.276   0.289   0.297   0.258   0.250    12.0    11.8    10.8     8.6     7.1
94081 20220512  2.622 -103.30   45.52    12.0     7.3     9.6     9.6    16.9     3.55 C    13.5     6.7    10.1    94.5    76.9    89.4   0.288   0.291   0.295   0.256   0.257    10.9    11.0    10.7     8.9     7.3
94081 20220513  2.622 -103.30   45.52    18.3     6.0    12.2    10.8     1.2    19.80 C    25.9     5.1    11.5    86.9    31.0    63.1   0.325   0.327   0.307   0.255   0.263    10.5    10.5    10.2     8.9     7.6
94081 20220514  2.622 -103.30   45.52    16.8     1.2     9.0    10.2     0.4    27.35 C    28.9     0.7    12.8    87.2    25.5    49.2   0.318   0.324   0.312   0.253   0.269    10.9    10.9    10.3     8.9     7.8
94081 20220515  2.622 -103.30   45.52    19.5     4.1    11.8    13.0     0.2    27.50 C    36.6     3.4    15.8    88.0    29.2    56.8   0.311   0.316   0.312   0.252   0.271    12.4    12.1    11.0     9.1     7.9
94081 20220516  2.622 -103.30   45.52    25.5     3.3    14.4    16.4     0.0    25.54 C    40.5     1.7    18.5    87.1    27.2    51.5   0.302   0.307   0.310   0.252   0.275    13.4    12.9    11.6     9.4     8.0
94081 20220517  2.622 -103.30   45.52    23.9     6.3    15.1    15.9     0.0    21.45 C    42.2     4.0    18.4    88.8    29.8    58.2   0.294   0.292   0.307   0.251   0.278    14.8    14.2    12.7     9.9     8.2
94081 20220518  2.622 -103.30   45.52    20.1     4.2    12.1    14.2     1.1    25.67 C    36.4     3.1    17.4    91.4    25.0    52.6   0.284   0.296   0.302   0.253   0.279    14.3    14.0    13.0    10.4     8.5
94081 20220519  2.622 -103.30   45.52    12.6     4.5     8.5     9.5     1.3    13.46 C    21.4     3.1    10.3    86.2    35.5    59.2   0.276   0.291   0.298   0.252   0.281    12.9    13.1    12.8    10.7     8.8
94081 20220520  2.622 -103.30   45.52     6.4    -0.7     2.8     3.1     0.6    10.76 C    14.6    -0.2     5.2    91.1    64.0    78.7   0.269   0.286   0.294   0.249   0.282    10.1    10.8    11.5    10.7     9.0
94081 20220521  2.622 -103.30   45.52     7.9    -3.2     2.3     3.4     0.0    12.53 C    17.4    -4.2     5.5    89.9    46.8    69.6   0.267   0.282   0.290   0.248   0.282     9.0     9.6    10.3    10.2     9.2
94081 20220522  2.622 -103.30   45.52    15.0    -7.1     3.9     5.9     0.0    25.47 C    35.8    -6.5    11.6    90.0    29.5    55.7   0.264   0.278   0.287   0.246   0.284    10.2    10.1     9.9     9.7     9.3
94081 20220523  2.622 -103.30   45.52    18.1     1.3     9.7     9.3     0.0    22.80 C    43.6    -0.2    14.1    90.5    34.9    63.0   0.258   0.275   0.286   0.245   0.284    12.1    11.8    10.9     9.6     9.2
94081 20220524  2.622 -103.30   45.52    18.4     0.0     9.2    10.5     0.0    20.78 C    40.8    -0.3    13.8    94.6    37.2    65.7   0.251   0.269   0.284   0.244   0.283    12.2    12.0    11.4     9.8     9.2
94081 20220525  2.622 -103.30   45.52    21.4     3.0    12.2    14.1     0.0    24.48 C    43.3     0.9    18.7    89.7    32.4    55.2   0.242   0.258   0.281   0.243   0.283    13.7    13.1    11.9    10.1     9.3
94081 20220526  2.622 -103.30   45.52    24.4     5.6    15.0    15.9     0.0    27.84 C    41.7     3.5    19.5    87.1    30.1    53.3   0.230   0.245   0.279   0.242   0.284    14.9    14.3    12.9    10.4     9.3
94081 20220527  2.622 -103.30   45.52    29.8     5.6    17.7    18.1     0.0    22.68 C    44.3     4.2    20.1    90.7    24.3    55.4   0.216   0.235   0.273   0.241   0.284    15.4    14.9    13.5    10.9     9.5
94081 20220528  2.622 -103.30   45.52    26.0     6.1    16.1    15.8     1.5    14.39 C    44.5     5.3    17.2    93.7    33.0    69.8   0.206   0.232   0.268   0.241   0.285    15.3    15.0    13.9    11.3     9.7
94081 20220529  2.622 -103.30   45.52    21.3    10.7    16.0    15.4     0.5    20.66 C    40.7     8.1    18.6    92.2    40.3    68.3   0.201   0.224   0.264   0.241   0.285    15.5    15.2    14.1    11.7     9.9
94081 20220530  2.622 -103.30   45.52    13.2     9.3    11.2    11.2    12.8     5.00 C    17.3     7.8    12.0    92.2    79.0    87.0   0.197   0.222   0.260   0.239   0.288    14.0    14.2    14.0    11.9    10.2
94081 20220531  2.622 -103.30   45.52    16.0     2.2     9.1    10.5     0.4    16.53 C    25.7     2.4    11.8    91.0    33.0    67.2   0.212   0.221   0.257   0.239   0.287    13.0    13.2    13.1    11.9    10.4
94081 20220601  2.622 -103.30   45.52    18.9     0.0     9.5    10.7     0.0    25.09 C    35.7     0.3    14.2    91.8    24.4    56.9   0.211   0.217   0.253   0.237   0.286    13.1    13.0    12.7    11.7    10.5
94081 20220602  2.622 -103.30   45.52    20.7     1.2    10.9    11.9     0.0    29.82 C    39.7     0.9    16.0    89.9    21.2    53.1   0.204   0.214   0.252   0.236   0.286    14.1    13.9    13.1    11.6    10.6
94081 20220603  2.622 -103.30   45.52    22.2     0.2    11.2    13.3     0.0    20.45 C    40.3     0.2    16.1    90.3    27.2    55.3   0.197   0.209   0.248   0.235   0.286    14.0    13.9    13.3    11.7    10.7
94081 20220604  2.622 -103.30   45.52    19.8    11.0    15.4    15.4     8.7    21.09 C    34.0    11.2    18.2    91.8    45.6    69.4   0.198   0.202   0.243   0.233   0.286    15.6    15.1    13.9    11.9    10.8
94081 20220605  2.622 -103.30   45.52    19.7    12.3    16.0    15.6     3.7    11.89 C    32.6    13.3    17.4    92.7    64.3    82.3   0.201   0.200   0.243   0.231   0.288    16.2    15.7    14.6    12.2    10.9
94081 20220606  2.622 -103.30   45.52    13.1     9.2    11.1    10.8     3.4     6.72 C    20.2    10.3    12.6    92.2    79.0    88.1   0.200   0.202   0.242   0.233   0.291    14.7    14.9    14.6    12.6    11.0
94081 20220607  2.622 -103.30   45.52    18.2     7.0    12.6    12.4     2.6    17.01 C    29.7     7.2    15.0    94.4    51.2    78.4   0.211   0.204   0.240   0.231   0.292    15.0    14.8    14.2    12.7    11.2
94081 20220608  2.622 -103.30   45.52    19.0     5.6    12.3    13.5     0.0    18.64 C    34.6     5.9    16.3    90.2    45.0    72.7   0.231   0.208   0.239   0.231   0.293    15.1    14.9    14.2    12.7    11.3
94081 20220609  2.622 -103.30   45.52    23.7    12.2    17.9    17.0     4.2    17.84 C    39.9    10.6    19.3    89.6    46.1    69.5   0.232   0.201   0.239   0.231   0.291    16.8    16.2    14.9    12.8    11.4
94081 20220610  2.622 -103.30   45.52    26.9    10.8    18.8    19.5     0.0    21.85 C    37.6     9.9    20.5    92.0    44.9    68.7   0.233   0.203   0.239   0.230   0.291    17.7    17.0    15.6    13.2    11.6
94081 20220611  2.622 -103.30   45.52    25.5    15.6    20.6    20.0    11.4    21.32 C    38.6    15.4    22.2    91.7    42.7    70.3   0.231   0.204   0.238   0.230   0.294    19.3    18.5    16.7    13.7    11.7
94081 20220612  2.622 -103.30   45.52    24.5    12.1    18.3    18.1    11.9    20.11 C    36.9     6.6    20.1    94.1    41.6    71.9   0.259   0.218   0.238   0.229   0.295    19.0    18.6    17.3    14.3    11.9
94081 20220613  2.622 -103.30   45.52    22.9    13.6    18.2    18.1    22.5    11.88 C    32.6    13.3    19.3    92.7    71.9    80.5   0.329   0.252   0.254   0.229   0.295    18.1    17.8    17.0    14.6    12.2
94081 20220614  2.622 -103.30   45.52    19.0     7.8    13.4    13.8     0.8    23.87 C    33.1     8.1    17.4    90.9    36.8    67.7   0.340   0.319   0.324   0.239   0.297    18.0    17.9    17.2    14.9    12.5
94081 20220615  2.622 -103.30   45.52    20.0     3.9    12.0    14.0     0.0    21.51 C    33.4     5.2    15.7    92.5    34.3    55.9   0.319   0.322   0.325   0.243   0.298    16.1    16.4    16.5    15.0    12.7
94081 20220616  2.622 -103.30   45.52    24.5    10.1    17.3    17.7     0.0    29.84 C    40.0     9.3    21.3    84.3    39.6    61.1   0.305   0.306   0.317   0.239   0.297    17.4    17.0    16.2    14.7    12.9
94081 20220617  2.622 -103.30   45.52    32.5    14.9    23.7    23.6     0.0    27.92 C    40.4    12.7    25.2    72.7    15.3    52.7   0.288   0.285   0.309   0.236   0.299    19.1    18.5    17.2    14.8    13.1
94081 20220618  2.622 -103.30   45.52    33.1    18.6    25.9    25.4     0.0    25.02 C    42.4    15.5    26.6    82.8    37.5    60.1   0.266   0.267   0.303   0.234   0.301    21.0    20.2    18.4    15.3    13.2
94081 20220619  2.622 -103.30   45.52    30.9    16.9    23.9    23.8     0.7    26.21 C    47.7    15.0    27.4    88.4    37.2    64.1   0.245   0.258   0.294   0.233   0.301    21.9    21.1    19.3    15.9    13.4
94081 20220620  2.622 -103.30   45.52    21.8     9.3    15.5    15.6    14.3    11.59 C    37.6     9.0    17.7    92.0    67.5    83.5   0.235   0.261   0.288   0.231   0.303    20.3    20.3    19.6    16.5    13.6
94081 20220621  2.622 -103.30   45.52    21.8     8.5    15.2    15.3     0.0    27.43 C    35.4     8.6    18.4    92.1    44.0    67.3   0.246   0.268   0.285   0.231   0.304    18.5    18.5    18.4    16.6    14.0
94081 20220622  2.622 -103.30   45.52    26.9     7.1    17.0    18.4     0.0    29.93 C    40.7     7.2    21.6    92.6    35.6    65.8   0.243   0.254   0.280   0.229   0.304    19.3    19.0    18.2    16.3    14.2
94081 20220623  2.622 -103.30   45.52    30.5     8.2    19.4    20.8     0.0    29.71 C    44.5     8.1    24.0    92.3    29.3    64.6   0.234   0.235   0.276   0.228   0.306    20.5    20.0    18.8    16.4    14.4
94081 20220624  2.622 -103.30   45.52    25.5    11.7    18.6    18.1     0.0    22.82 C    41.3    11.8    22.2    90.2    51.3    71.7   0.225   0.225   0.270   0.226   0.307    20.8    20.4    19.4    16.7    14.5
94081 20220625  2.622 -103.30   45.52 -9999.0 -9999.0 -9999.0 -9999.0     1.2 -9999.00 U -9999.0 -9999.0 -9999.0 -9999.0 -9999.0 -9999.0 -99.000 -99.000 -99.000 -99.000 -99.000 -9999.0 -9999.0 -9999.0 -9999.0 -9999.0
94081 20220626  2.622 -103.30   45.52    22.6     4.2    13.4    14.6     0.0    28.14 C    50.5     2.4    22.2    87.8    29.2    57.5   0.211   0.216   0.258   0.224   0.310    18.8    18.7    18.2    16.8    14.8
94081 20220627  2.622 -103.30   45.52    27.3     6.3    16.8    17.7     0.0    28.87 C    53.0     5.2    24.9    91.1    26.7    56.7   0.206   0.204   0.253   0.221   0.310    19.8    19.4    18.5    16.7    14.9
94081 20220628  2.622 -103.30   45.52    30.1     6.3    18.2    20.8     0.0    28.40 C    52.7     4.8    27.1    90.8    24.6    51.3   0.200   0.194   0.246   0.218   0.310    20.4    19.9    18.9    16.7    15.0
94081 20220629  2.622 -103.30   45.52    34.8    14.4    24.6    23.4     1.7    24.53 C    57.3    13.3    29.1    90.3    18.7    52.4   0.194   0.187   0.239   0.216   0.309    21.9    21.3    19.7    17.0    15.1
94081 20220630  2.622 -103.30   45.52    25.8     9.0    17.4    18.5     0.0    27.83 C    47.3     7.4    23.4    94.7    25.1    59.0   0.187   0.187   0.232   0.214   0.309    21.2    20.9    20.0    17.3    15.2
94081 20220701  2.622 -103.30   45.52    28.9     6.7    17.8    19.1     4.7    27.25 C    54.6     5.7    25.9    91.9    25.1    59.4   0.182   0.181   0.222   0.213   0.309    20.8    20.4    19.7    17.5    15.4
94081 20220702  2.622 -103.30   45.52    28.7    10.6    19.7    20.7     1.5    27.41 C    47.2    10.3    25.7    93.8    33.8    65.3   0.180   0.177   0.217   0.209   0.310    21.6    21.1    20.0    17.5    15.5
94081 20220703  2.622 -103.30   45.52    29.4    16.1    22.7    22.6     2.7    26.62 C    50.8    14.8    28.1    90.5    43.8    70.4   0.179   0.176   0.213   0.208   0.313    22.5    21.8    20.5    17.8    15.7
94081 20220704  2.622 -103.30   45.52    27.4    15.9    21.6    21.4     0.0    25.55 C    46.4    14.3    26.5    86.8    47.5    69.0   0.178   0.173   0.209   0.206   0.316    22.8    22.3    21.0    18.1    15.8
94081 20220705  2.622 -103.30   45.52    27.4    15.8    21.6    21.6    10.8    22.43 C    47.4    15.3    25.8    91.0    43.2    70.2   0.182   0.182   0.208   0.205   0.315    22.7    22.2    21.2    18.5    16.0
94081 20220706  2.622 -103.30   45.52    27.4    17.7    22.5    22.3     0.9    17.15 C    42.4    17.5    25.4    91.3    49.4    73.5   0.189   0.186   0.206   0.203   0.314    22.8    22.3    21.4    18.7    16.2
94081 20220707  2.622 -103.30   45.52    28.6    17.6    23.1    22.4     0.0    22.47 C    55.8    16.6    28.2    90.5    47.5    74.3   0.191   0.184   0.204   0.202   0.315    23.5    22.9    21.7    18.9    16.4
94081 20220708  2.622 -103.30   45.52    29.9    17.2    23.5    23.2     0.0    24.17 C    49.5    16.2    28.8    92.2    48.6    72.3   0.190   0.185   0.202   0.201   0.314    23.8    23.2    21.9    19.2    16.6
94081 20220709  2.622 -103.30   45.52    31.0    18.1    24.6    25.0     0.0    26.90 C    54.8    17.1    31.7    89.0    48.1    68.2   0.188   0.182   0.199   0.200   0.315    24.7    24.0    22.4    19.4    16.7
94081 20220710  2.622 -103.30   45.52    31.0    15.7    23.3    23.6     3.4    28.02 C    50.6    15.6    29.5    88.4    27.2    57.1   0.184   0.177   0.195   0.197   0.316    24.9    24.3    22.9    19.8    17.0
94081 20220711  2.622 -103.30   45.52    26.2    10.7    18.5    19.2     0.0    27.30 C    45.8    10.0    24.0    88.7    27.0    60.2   0.177   0.175   0.192   0.195   0.314    23.2    23.1    22.5    20.0    17.1
94081 20220712  2.622 -103.30   45.52    30.0     9.9    19.9    21.5     0.0    28.46 C    53.1     9.0    27.7    90.5    23.8    52.4   0.173   0.174   0.187   0.192   0.314    22.7    22.4    21.8    19.9    17.3
94081 20220713  2.622 -103.30   45.52    32.6    15.1    23.8    24.8     0.0    27.43 C    50.8    12.8    29.6    70.2    32.9    50.2   0.172   0.171   0.184   0.189   0.315    23.7    23.1    22.1    19.8    17.5
94081 20220714  2.622 -103.30   45.52    34.4    18.4    26.4    26.0     3.5    25.90 C    51.0    17.9    30.3    90.5    24.3    61.1   0.172   0.169   0.182   0.187   0.314    24.9    24.2    22.8    20.0    17.5
94081 20220715  2.622 -103.30   45.52    35.4    14.5    25.0    26.1     0.0    24.21 C    55.6    14.4    30.9    90.5    26.9    53.9   0.171   0.169   0.181   0.184   0.316    25.0    24.3    23.1    20.2    17.6
94081 20220716  2.622 -103.30   45.52    34.6    17.1    25.8    25.6     0.0    27.04 C    56.4    15.7    31.8    87.2    21.5    54.7   0.170   0.167   0.179   0.182   0.314    25.6    24.8    23.5    20.4    17.8
94081 20220717  2.622 -103.30   45.52    37.5    16.1    26.8    28.6     0.0    27.33 C    59.3    13.7    33.4    92.8    10.1    43.5   0.168   0.166   0.176   0.180   0.315    25.8    25.1    23.7    20.7    17.9
94081 20220718  2.622 -103.30   45.52    37.8    20.4    29.1    29.8     0.0    24.31 C    61.7    17.8    34.2    65.4    17.2    37.8   0.168   0.165   0.174   0.178   0.316    26.6    25.8    24.2    20.9    18.1
94081 20220719  2.622 -103.30   45.52    28.3    11.7    20.0    21.7     0.0    25.17 C    42.2     8.2    24.3    81.3    26.5    42.6   0.163   0.162   0.171   0.177   0.315    24.9    24.7    24.0    21.2    18.3
94081 20220720  2.622 -103.30   45.52    33.7    10.8    22.2    23.6     0.0    27.15 C    51.5     9.2    27.7    86.9    12.8    47.1   0.162   0.160   0.168   0.174   0.315    24.4    24.1    23.2    21.1    18.5
94081 20220721  2.622 -103.30   45.52    36.3    10.9    23.6    24.5     0.0    26.89 C    57.8     9.3    29.5    88.5     7.1    45.3   0.161   0.158   0.166   0.171   0.312    24.8    24.4    23.3    21.0    18.5
94081 20220722  2.622 -103.30   45.52    37.4    12.3    24.9    26.7     0.0    24.01 C    58.0    10.0    30.2    89.5     8.6    36.4   0.159   0.158   0.165   0.169   0.310    25.2    24.6    23.5    21.0    18.6
94081 20220723  2.622 -103.30   45.52    30.3    13.4    21.8    23.0     0.0    24.86 C    53.5    10.7    28.4    75.4    23.9    44.0   0.158   0.157   0.163   0.167   0.310    25.4    24.9    23.7    21.2    18.7
94081 20220724  2.622 -103.30   45.52    30.8     8.6    19.7    21.5     0.0    22.66 C    56.2     7.8    27.7    88.0    23.8    51.0   0.156   0.155   0.162   0.165   0.311    24.6    24.3    23.5    21.3    18.8
94081 20220725  2.622 -103.30   45.52    28.0    14.6    21.3    20.7     4.8    15.26 C    49.5    13.1    24.4    90.6    30.2    60.5   0.153   0.154   0.161   0.163   0.309    24.1    23.9    23.3    21.3    18.9
94081 20220726  2.622 -103.30   45.52    26.4    12.4    19.4    19.5     0.0    20.70 C    44.6    11.1    23.3    91.4    36.4    65.3   0.151   0.153   0.160   0.161   0.306    23.2    23.2    22.9    21.1    19.0
94081 20220727  2.622 -103.30   45.52    27.9     7.8    17.9    19.4     0.0    17.23 C    52.0     5.2    22.9    90.4    28.9    55.8   0.150   0.152   0.159   0.160   0.305    22.3    22.4    22.3    21.0    19.0
94081 20220728  2.622 -103.30   45.52    27.6     3.8    15.7    18.0     0.0    25.85 C    53.0     3.0    24.4    90.9    17.9    47.2   0.149   0.150   0.158   0.159   0.304    21.6    21.6    21.6    20.7    19.0
94081 20220729  2.622 -103.30   45.52    32.2    10.6    21.4    23.4     0.0    26.47 C    56.5     7.4    29.5    77.3    16.6    38.7   0.152   0.151   0.158   0.156   0.302    23.1    22.6    21.8    20.4    18.9
94081 20220730  2.622 -103.30   45.52    37.0    10.9    24.0    25.4     0.0    24.20 C    60.0     9.9    30.7    89.6    12.2    42.4   0.154   0.153   0.158   0.155   0.301    24.4    23.8    22.5    20.5    18.9
94081 20220731  2.622 -103.30   45.52    31.0    13.6    22.3    23.0     0.0    25.30 C    53.9     9.9    28.3    84.0    23.6    48.5   0.153   0.153   0.158   0.155   0.300    24.6    24.1    22.9    20.6    18.8
94081 20220801  2.622 -103.30   45.52    39.3    13.4    26.4    27.0     0.0    25.16 C    61.0    11.1    30.7    71.0     5.6    33.5   0.153   0.153   0.157   0.153   0.297    25.2    24.6    23.3    20.9    18.9
94081 20220802  2.622 -103.30   45.52    36.6    11.0    23.8    24.3     0.0    12.24 C    56.1     9.1    24.8    65.4    10.2    34.0   0.149   0.150   0.157   0.152   0.294    23.9    23.7    23.2    21.1    18.9
94081 20220803  2.622 -103.30   45.52    32.8     8.6    20.7    23.5     0.0    25.05 C    57.6     6.8    29.8    82.9    13.2    35.0   0.149   0.150   0.155   0.151   0.293    24.1    23.6    22.9    21.0    19.0
94081 20220804  2.622 -103.30   45.52    38.9    20.8    29.9    29.6     0.0    24.28 C    62.7    17.5    35.1    46.4     9.3    27.7   0.150   0.151   0.155   0.149   0.293    25.9    25.0    23.5    21.0    19.0
94081 20220805  2.622 -103.30   45.52    34.6    18.8    26.7    26.6     0.0    18.43 C    57.8    16.6    30.7    75.0    19.8    39.0   0.150   0.152   0.156   0.148   0.291    26.6    25.9    24.3    21.4    19.1
94081 20220806  2.622 -103.30   45.52 -9999.0 -9999.0 -9999.0 -9999.0 -9999.0 -9999.00 U -9999.0 -9999.0 -9999.0 -9999.0 -9999.0 -9999.0 -99.000 -99.000 -99.000 -99.000 -99.000 -9999.0 -9999.0 -9999.0 -9999.0 -9999.0
